; edc.param 
; 10 layers are used.

;   edc1_sigma    = 0.037,
;                  0.037,
;                  0.030,
;                  0.030,
;                  0.040,
;                  0.040,
;                  0.030,
;                  0.030,
;                  0.037,
;                  0.037
   edc1_sigma    = 0.050,
                  0.050,
                  0.050,
                  0.050,
                  0.050,
                  0.050,
                  0.050,
                  0.050,
                  0.050,
                  0.050
   edc2_sigma    = 0.02,
                  0.02,
                  0.02,
                  0.02,
                  0.02,
                  0.02

; hes dc tdc minimum tdc value array allowed for a good hit

    edc1_tdc_min_win = 3400, 3400, 3400, 3400, 3400,
                       3400, 3400, 3400, 3400, 3400
    edc2_tdc_min_win = -11900, -11900, -11900, -11900, -11900

; hes dc tdc maximum tdc value array allowed for a good hit

    edc1_tdc_max_win = 3800, 3800, 3800, 3800, 3800, 
                       3800, 3800, 3800, 3800, 3800
    edc2_tdc_max_win = -10000, -10000, -10000, -10000, -10000, -10000

; hes zero time for drift chambers 
; DECREASING this number moves the sdtime
; plots to LOWER time.

edc1_layer_time_zero= 1830.00,1830.00,1830.00,1830.00,
                     1830.00,1830.00,1830.00,
                     1830.00,1830.00,1830.00,1830.00,
                     1830.00,1830.00,1830.00,
                     1830.00,1830.00,1830.00,1830.00,
                     1830.00,1830.00,1830.00,
                     1830.00,1830.00,1830.00,1830.00,
                     1830.00,1830.00,1830.00,
                     1830.00,1830.00,1830.00,1830.00,
                     1830.00,1830.00,1830.00,
                     1830.00,1830.00,1830.00,1830.00,
                     1830.00,1830.00,1830.00,
                     1830.00,1830.00,1830.00,1830.00,
                     1830.00,1830.00,1830.00,
                     1830.00,1830.00,1830.00,1830.00,
                     1830.00,1830.00,1830.00,
                     1830.00,1830.00,1830.00,1830.00,
                     1830.00,1830.00,1830.00,
                     1830.00,1830.00,1830.00,1830.00,
                     1830.00,1830.00,1830.00
edc2_layer_time_zero=-1455,-1455,-1455,-1455,-1455,-1455,
                     -1455,-1455,-1455,-1455,-1455,-1455,
                     -1455,-1455,-1455,-1455,-1455,-1455,-1455,-1455
                     -1455,-1455,-1455,-1455,-1455,-1455,-1455,-1455
                     -1455,-1455,-1455,-1455,-1455,-1455,
                     -1455,-1455,-1455,-1455,-1455,-1455

        edc1_tdc_time_per_channel = 0.500
        edc2_tdc_time_per_channel = 0.500

; Dave Abbott's wire velocity correction

edc1_wire_velocity = 13.0
edc2_wire_velocity = 13.0

edc1_central_time = 0.,0.,0.,0.,0.,
                  0.,0.,0.,0.,0.
edc2_central_time = 2.8,2.8,1.5,1.5,2.8,2.8


