; edc.param 
; 10 layers are used.

   edc1_sigma    = 0.021,
                  0.021,
                  0.021,
                  0.021,
                  0.021,
                  0.021,
                  0.021,
                  0.021,
                  0.021,
                  0.021
   edc2_sigma    = 0.03,
                  0.03,
                  0.03,
                  0.03,
                  0.03,
                  0.03

; hes dc tdc minimum tdc value array allowed for a good hit

    edc1_tdc_min_win = 3300, 3300, 3300, 3300, 3300,
                       3300, 3300, 3300, 3300, 3300
    edc2_tdc_min_win = 3300, 3300, 3300, 3300, 3300, 3300

; hes dc tdc maximum tdc value array allowed for a good hit

    edc1_tdc_max_win = 3620, 3620, 3620, 3620, 3620, 
                       3620, 3620, 3620, 3620, 3620
    edc2_tdc_max_win = 3640, 3640, 3640, 3640, 3640, 3640

; hes zero time for drift chambers 
; DECREASING this number moves the sdtime
; plots to LOWER time.

edc1_layer_time_zero=1765.00,1765.00,1765.00,1765.00,
                     1765.00,1765.00,1765.00,      
                     1765.00,1765.00,1765.00,1765.00,
                     1765.00,1765.00,1765.00,      
                     1765.00,1765.00,1765.00,1765.00,
                     1765.00,1765.00,1765.00,      
                     1765.00,1765.00,1765.00,1765.00,
                     1765.00,1765.00,1765.00,       
                     1765.00,1765.00,1765.00,1765.00,
                     1765.00,1765.00,1765.00,       
                     1765.00,1765.00,1765.00,1765.00,
                     1765.00,1765.00,1765.00,       
                     1765.00,1765.00,1765.00,1765.00,
                     1765.00,1765.00,1765.00,       
                     1765.00,1765.00,1765.00,1765.00,
                     1765.00,1765.00,1765.00,       
                     1765.00,1765.00,1765.00,1765.00,
                     1765.00,1765.00,1765.00,       
                     1765.00,1765.00,1765.00,1765.00,
                     1765.00,1765.00,1765.00        

edc2_layer_time_zero=
1775.0,1775.0,1775.0,1775.0,1775.0,1775.0,
1775.0,1775.0,1775.0,1775.0,1775.0,1775.0,
1775.0,1775.0,1775.0,1775.0,1775.0,1775.0,1775.0,1775.0,
1775.0,1775.0,1775.0,1775.0,1775.0,1775.0,1775.0,1775.0,
1775.0,1775.0,1775.0,1775.0,1775.0,1775.0,
1775.0,1775.0,1775.0,1775.0,1775.0,1775.0

edc1_tdc_time_per_channel = 0.500
edc2_tdc_time_per_channel = 0.500

; Dave Abbott's wire velocity correction

edc1_wire_velocity = 13.0
edc2_wire_velocity = 13.0

edc1_central_time = 0.,0.,0.,0.,0.,
                  0.,0.,0.,0.,0.
edc2_central_time = 2.8,2.8,1.5,1.5,2.8,2.8


