; cable id's for Enge Drift Chambers
; array is 122,12 (wires,planes), but u and v planes have only 87/122 used.
; modified by A. Uzzle 6/13/03 for HKS
; plane order is uu'xx'vv'
; EDC1 and EDC2 with 40 cards each - 80 total
; 
edc1_card_no=
; Plane 1, wires 1-87, cards u1-u6, start of HDC1
              1, 1, 1, 1, 1, 1, 1, 1, 1, 1, 1, 1, 2, 2, 2, 2
              2, 2, 2, 2, 2, 2, 2, 2, 2, 2, 2, 2, 3, 3, 3, 3
              3, 3, 3, 3, 3, 3, 3, 3, 3, 3, 3, 3, 4, 4, 4, 4
              4, 4, 4, 4, 4, 4, 4, 4, 4, 4, 4, 4, 5, 5, 5, 5
              5, 5, 5, 5, 5, 5, 5, 5, 5, 5, 5, 5, 6, 6, 6, 6
              6, 6, 6, 6, 6, 6, 6,-1,-1,-1,-1,-1,-1,-1,-1,-1
             -1,-1,-1,-1,-1,-1,-1,-1,-1,-1,-1,-1,-1,-1,-1,-1
             -1,-1,-1,-1,-1,-1,-1,-1,-1,-1
; Plane 2, wires 1-87, cards u'1-u'6
              7, 7, 7, 7, 7, 7, 7, 7, 7, 7, 7, 8, 8, 8, 8, 8
              8, 8, 8, 8, 8, 8, 8, 8, 8, 8, 8, 9, 9, 9, 9, 9
              9, 9, 9, 9, 9, 9, 9, 9, 9, 9, 9,10,10,10,10,10
             10,10,10,10,10,10,10,10,10,10,10,11,11,11,11,11
             11,11,11,11,11,11,11,11,11,11,11,12,12,12,12,12
             12,12,12,12,12,12,12,-1,-1,-1,-1,-1,-1,-1,-1,-1
             -1,-1,-1,-1,-1,-1,-1,-1,-1,-1,-1,-1,-1,-1,-1,-1
             -1,-1,-1,-1,-1,-1,-1,-1,-1,-1
; Plane 3, wires 1-122, cards x1-x8
             13,13,13,13,13,13,13,13,13,13,13,13,13,14,14,14
             14,14,14,14,14,14,14,14,14,14,14,14,14,15,15,15
             15,15,15,15,15,15,15,15,15,15,15,15,15,16,16,16
             16,16,16,16,16,16,16,16,16,16,16,16,16,17,17,17
             17,17,17,17,17,17,17,17,17,17,17,17,17,18,18,18
             18,18,18,18,18,18,18,18,18,18,18,18,18,19,19,19
             19,19,19,19,19,19,19,19,19,19,19,19,19,20,20,20
             20,20,20,20,20,20,20,20,20,20
; Plane 4, wires 1-122, cards x'1-x'8
             21,21,21,21,21,21,21,21,21,21,21,21,21,22,22,22
             22,22,22,22,22,22,22,22,22,22,22,22,22,23,23,23
             23,23,23,23,23,23,23,23,23,23,23,23,23,24,24,24
             24,24,24,24,24,24,24,24,24,24,24,24,24,25,25,25
             25,25,25,25,25,25,25,25,25,25,25,25,25,26,26,26
             26,26,26,26,26,26,26,26,26,26,26,26,26,27,27,27
             27,27,27,27,27,27,27,27,27,27,27,27,27,28,28,28
             28,28,28,28,28,28,28,28,28,28
; Plane 5, wires 1-87, cards v1-v6
             29,29,29,29,29,29,29,29,29,29,29,29,30,30,30,30
             30,30,30,30,30,30,30,30,30,30,30,30,31,31,31,31
             31,31,31,31,31,31,31,31,31,31,31,31,32,32,32,32
             32,32,32,32,32,32,32,32,32,32,32,32,33,33,33,33
             33,33,33,33,33,33,33,33,33,33,33,33,34,34,34,34
             34,34,34,34,34,34,34,-1,-1,-1,-1,-1,-1,-1,-1,-1
             -1,-1,-1,-1,-1,-1,-1,-1,-1,-1,-1,-1,-1,-1,-1,-1
             -1,-1,-1,-1,-1,-1,-1,-1,-1,-1
; Plane 6, wires 1-87, cards v'1-v'6
             35,35,35,35,35,35,35,35,35,35,35,36,36,36,36,36
             36,36,36,36,36,36,36,36,36,36,36,37,37,37,37,37
             37,37,37,37,37,37,37,37,37,37,37,38,38,38,38,38
             38,38,38,38,38,38,38,38,38,38,38,39,39,39,39,39
             39,39,39,39,39,39,39,39,39,39,39,40,40,40,40,40
             40,40,40,40,40,40,40,-1,-1,-1,-1,-1,-1,-1,-1,-1
             -1,-1,-1,-1,-1,-1,-1,-1,-1,-1,-1,-1,-1,-1,-1,-1
             -1,-1,-1,-1,-1,-1,-1,-1,-1,-1
; Plane 7, wires 1-87, cards u1-u6, start of HDC2
             41,41,41,41,41,41,41,41,41,41,41,41,42,42,42,42
             42,42,42,42,42,42,42,42,42,42,42,42,43,43,43,43
             43,43,43,43,43,43,43,43,43,43,43,43,44,44,44,44
             44,44,44,44,44,44,44,44,44,44,44,44,45,45,45,45
             45,45,45,45,45,45,45,45,45,45,45,45,46,46,46,46
             46,46,46,46,46,46,46,-1,-1,-1,-1,-1,-1,-1,-1,-1
             -1,-1,-1,-1,-1,-1,-1,-1,-1,-1,-1,-1,-1,-1,-1,-1
             -1,-1,-1,-1,-1,-1,-1,-1,-1,-1
; Plane 8, wires 1-87, cards u'1-u'6
             47,47,47,47,47,47,47,47,47,47,47,48,48,48,48,48
             48,48,48,48,48,48,48,48,48,48,48,49,49,49,49,49
             49,49,49,49,49,49,49,49,49,49,49,50,50,50,50,50
             50,50,50,50,50,50,50,50,50,50,50,51,51,51,51,51
             51,51,51,51,51,51,51,51,51,51,51,52,52,52,52,52
             52,52,52,52,52,52,52,-1,-1,-1,-1,-1,-1,-1,-1,-1
             -1,-1,-1,-1,-1,-1,-1,-1,-1,-1,-1,-1,-1,-1,-1,-1
             -1,-1,-1,-1,-1,-1,-1,-1,-1,-1
; Plane 9, wires 1-122, cards x1-x8
             53,53,53,53,53,53,53,53,53,53,53,53,53,54,54,54
             54,54,54,54,54,54,54,54,54,54,54,54,54,55,55,55
             55,55,55,55,55,55,55,55,55,55,55,55,55,56,56,56
             56,56,56,56,56,56,56,56,56,56,56,56,56,57,57,57
             57,57,57,57,57,57,57,57,57,57,57,57,57,58,58,58
             58,58,58,58,58,58,58,58,58,58,58,58,58,59,59,59
             59,59,59,59,59,59,59,59,59,59,59,59,59,60,60,60
             60,60,60,60,60,60,60,60,60,60
; Plane 10, wires 1-122, cards x'1-x'8
             61,61,61,61,61,61,61,61,61,61,61,61,61,62,62,62
             62,62,62,62,62,62,62,62,62,62,62,62,62,63,63,63
             63,63,63,63,63,63,63,63,63,63,63,63,63,64,64,64
             64,64,64,64,64,64,64,64,64,64,64,64,64,65,65,65
             65,65,65,65,65,65,65,65,65,65,65,65,65,66,66,66
             66,66,66,66,66,66,66,66,66,66,66,66,66,67,67,67
             67,67,67,67,67,67,67,67,67,67,67,67,67,68,68,68
             68,68,68,68,68,68,68,68,68,68
;
;       Cable Delays on a per/card basys
;
edc1_card_delay =  0, 0, 0, 0, 0, 0, 0, 0, 0, 0
                  0, 0, 0, 0, 0, 0, 0, 0, 0, 0
                  0, 0, 0, 0, 0, 0, 0, 0, 0, 0
                  0, 0, 0, 0, 0, 0, 0, 0, 0, 0
                  0, 0, 0, 0, 0, 0, 0, 0, 0, 0
                  0, 0, 0, 0, 0, 0, 0, 0, 0, 0
                  0, 0, 0, 0, 0, 0, 0, 0, 0, 0


;Flags for card position on chamber +y or -y for wire velocity
;corrections
edc1_card_pos =  1, 1, 1, 1, 1, 1, 1, 1, 1, 1
                1, 1, 1, 1, 1, 1, 1, 1, 1, 1
                1, 1, 1, 1, 1, 1, 1, 1, 1, 1
                1, 1, 1, 1, 1, 1, 1, 1, 1, 1
                1, 1, 1, 1, 1, 1, 1, 1, 1, 1
                1, 1, 1, 1, 1, 1, 1, 1, 1, 1
                1, 1, 1, 1, 1, 1, 1, 1, 1, 1

edc2_card_no=
  ; Plane 1, wires 1-87, cards u1-u6, start of HDC1
              1, 1, 1, 1, 1, 1, 1, 1, 1, 1, 1, 1, 2, 2, 2, 2
              2, 2, 2, 2, 2, 2, 2, 2, 2, 2, 2, 2, 3, 3, 3, 3
              3, 3, 3, 3, 3, 3, 3, 3, 3, 3, 3, 3, 4, 4, 4, 4
              4, 4, 4, 4, 4, 4, 4, 4, 4, 4, 4, 4, 5, 5, 5, 5
              5, 5, 5, 5, 5, 5, 5, 5, 5, 5, 5, 5, 6, 6, 6, 6
              6, 6, 6, 6, 6, 6, 6,-1,-1,-1,-1,-1,-1,-1,-1,-1
             -1,-1,-1,-1,-1,-1,-1,-1,-1,-1,-1,-1,-1,-1,-1,-1
             -1,-1,-1,-1,-1,-1,-1,-1,-1,-1
; Plane 2, wires 1-87, cards u'1-u'6
              7, 7, 7, 7, 7, 7, 7, 7, 7, 7, 7, 8, 8, 8, 8, 8
              8, 8, 8, 8, 8, 8, 8, 8, 8, 8, 8, 9, 9, 9, 9, 9
              9, 9, 9, 9, 9, 9, 9, 9, 9, 9, 9,10,10,10,10,10
             10,10,10,10,10,10,10,10,10,10,10,11,11,11,11,11
             11,11,11,11,11,11,11,11,11,11,11,12,12,12,12,12
             12,12,12,12,12,12,12,-1,-1,-1,-1,-1,-1,-1,-1,-1
             -1,-1,-1,-1,-1,-1,-1,-1,-1,-1,-1,-1,-1,-1,-1,-1
             -1,-1,-1,-1,-1,-1,-1,-1,-1,-1
; Plane 3, wires 1-122, cards x1-x8
             13,13,13,13,13,13,13,13,13,13,13,13,13,14,14,14
             14,14,14,14,14,14,14,14,14,14,14,14,14,15,15,15
             15,15,15,15,15,15,15,15,15,15,15,15,15,16,16,16
             16,16,16,16,16,16,16,16,16,16,16,16,16,17,17,17
             17,17,17,17,17,17,17,17,17,17,17,17,17,18,18,18
             18,18,18,18,18,18,18,18,18,18,18,18,18,19,19,19
             19,19,19,19,19,19,19,19,19,19,19,19,19,20,20,20
             20,20,20,20,20,20,20,20,20,20
; Plane 4, wires 1-122, cards x'1-x'8
             21,21,21,21,21,21,21,21,21,21,21,21,21,22,22,22
             22,22,22,22,22,22,22,22,22,22,22,22,22,23,23,23
             23,23,23,23,23,23,23,23,23,23,23,23,23,24,24,24
             24,24,24,24,24,24,24,24,24,24,24,24,24,25,25,25
             25,25,25,25,25,25,25,25,25,25,25,25,25,26,26,26
             26,26,26,26,26,26,26,26,26,26,26,26,26,27,27,27
             27,27,27,27,27,27,27,27,27,27,27,27,27,28,28,28
             28,28,28,28,28,28,28,28,28,28
; Plane 5, wires 1-87, cards v1-v6
             29,29,29,29,29,29,29,29,29,29,29,29,30,30,30,30
             30,30,30,30,30,30,30,30,30,30,30,30,31,31,31,31
             31,31,31,31,31,31,31,31,31,31,31,31,32,32,32,32
             32,32,32,32,32,32,32,32,32,32,32,32,33,33,33,33
             33,33,33,33,33,33,33,33,33,33,33,33,34,34,34,34
             34,34,34,34,34,34,34,-1,-1,-1,-1,-1,-1,-1,-1,-1
             -1,-1,-1,-1,-1,-1,-1,-1,-1,-1,-1,-1,-1,-1,-1,-1
             -1,-1,-1,-1,-1,-1,-1,-1,-1,-1
; Plane 6, wires 1-87, cards v'1-v'6
             35,35,35,35,35,35,35,35,35,35,35,36,36,36,36,36
             36,36,36,36,36,36,36,36,36,36,36,37,37,37,37,37
             37,37,37,37,37,37,37,37,37,37,37,38,38,38,38,38
             38,38,38,38,38,38,38,38,38,38,38,39,39,39,39,39
             39,39,39,39,39,39,39,39,39,39,39,40,40,40,40,40
             40,40,40,40,40,40,40,-1,-1,-1,-1,-1,-1,-1,-1,-1
             -1,-1,-1,-1,-1,-1,-1,-1,-1,-1,-1,-1,-1,-1,-1,-1
             -1,-1,-1,-1,-1,-1,-1,-1,-1,-1      

edc2_card_pos =  1,  1,  1, -1, -1, -1,  1,  1,  1, -1
                -1, -1, -1, -1,  1, -1,  1, -1,  1,  1
                 1,  1, -1, -1, -1,  1, -1, -1, -1, -1
                -1,  1,  1,  1, -1, -1, -1,  1,  1,  1

;edc2_card_delay =  0, 0, 0, 0, 0, 0, 0, 0, 0, 0
;                  0, 0, 0, 0, 0, 0, 0, 0, 0, 0
;                  0, 0, 0, 0, 0, 0, 0, 0, 0, 0
;                  0, 0, 0, 0, 0, 0, 0, 0, 0, 0
