; For HKS DC test. Adapted from sdriftmap.param
; L.Yuan 06/07/2003
;
; Lookup table for Hall C drift chamber time to distance map.
;
;number of bins in Meek's time to distance lookup table

edriftbins=138

;number of 1st bin in Meek's table in ns

;edrift1stbin=-24
edrift1stbin=-25

;bin size in ns of Meek's table

edriftbinsz=2

;

edc1wc01fract=0.0032,0.0066,0.0099,0.0131,0.0166,0.0202,0.0241,0.0284
0.0331,0.0390,0.0460,0.0538,0.0625,0.0732,0.0852,0.0993,0.1150,0.1328
0.1524,0.1733,0.1946,0.2179,0.2414,0.2667,0.2928,0.3184,0.3443,0.3706
0.3953,0.4221,0.4477,0.4725,0.4966,0.5213,0.5456,0.5693,0.5922,0.6148
0.6372,0.6589,0.6802,0.7005,0.7198,0.7386,0.7562,0.7734,0.7889,0.8040
0.8172,0.8296,0.8413,0.8520,0.8616,0.8709,0.8792,0.8868,0.8943,0.9007
0.9069,0.9127,0.9184,0.9238,0.9289,0.9338,0.9385,0.9433,0.9480,0.9521
0.9566,0.9605,0.9646,0.9687,0.9726,0.9766,0.9808,0.9847,0.9885,0.9923
0.9958,0.9993,1.0000,1.0000,1.0000,1.0000,1.0000,1.0000,1.0000,1.0000
1.0000,1.0000,1.0000,1.0000,1.0000,1.0000,1.0000,1.0000,1.0000,1.0000
1.0000,1.0000,1.0000,1.0000,1.0000,1.0000,1.0000,1.0000,1.0000,1.0000
1.0000,1.0000,1.0000,1.0000,1.0000,1.0000,1.0000,1.0000,1.0000,1.0000
1.0000,1.0000,1.0000,1.0000,1.0000,1.0000,1.0000,1.0000,1.0000,1.0000
1.0000,1.0000,1.0000,1.0000,1.0000,1.0000,1.0000,1.0000,1.0000,1.0000
edc1wc02fract=0.0032,0.0068,0.0104,0.0139,0.0172,0.0206,0.0241,0.0280
0.0328,0.0385,0.0449,0.0525,0.0609,0.0714,0.0829,0.0964,0.1120,0.1287
0.1475,0.1681,0.1895,0.2124,0.2364,0.2605,0.2860,0.3110,0.3367,0.3624
0.3877,0.4136,0.4383,0.4632,0.4877,0.5116,0.5345,0.5584,0.5818,0.6045
0.6270,0.6486,0.6698,0.6911,0.7109,0.7298,0.7485,0.7654,0.7817,0.7971
0.8115,0.8244,0.8366,0.8480,0.8580,0.8672,0.8755,0.8833,0.8909,0.8980
0.9048,0.9105,0.9164,0.9217,0.9265,0.9315,0.9362,0.9408,0.9455,0.9502
0.9544,0.9584,0.9626,0.9668,0.9711,0.9748,0.9786,0.9826,0.9863,0.9899
0.9937,0.9972,0.9999,1.0000,1.0000,1.0000,1.0000,1.0000,1.0000,1.0000
1.0000,1.0000,1.0000,1.0000,1.0000,1.0000,1.0000,1.0000,1.0000,1.0000
1.0000,1.0000,1.0000,1.0000,1.0000,1.0000,1.0000,1.0000,1.0000,1.0000
1.0000,1.0000,1.0000,1.0000,1.0000,1.0000,1.0000,1.0000,1.0000,1.0000
1.0000,1.0000,1.0000,1.0000,1.0000,1.0000,1.0000,1.0000,1.0000,1.0000
1.0000,1.0000,1.0000,1.0000,1.0000,1.0000,1.0000,1.0000,1.0000,1.0000
edc1wc03fract=0.0036,0.0071,0.0106,0.0142,0.0177,0.0214,0.0251,0.0294
0.0343,0.0399,0.0465,0.0537,0.0628,0.0737,0.0853,0.0996,0.1152,0.1327
0.1520,0.1733,0.1960,0.2191,0.2439,0.2686,0.2936,0.3204,0.3451,0.3706
0.3958,0.4198,0.4448,0.4700,0.4935,0.5166,0.5400,0.5630,0.5859,0.6090
0.6311,0.6531,0.6739,0.6937,0.7134,0.7321,0.7495,0.7664,0.7820,0.7970
0.8111,0.8236,0.8349,0.8452,0.8554,0.8648,0.8733,0.8815,0.8889,0.8956
0.9019,0.9077,0.9133,0.9194,0.9250,0.9303,0.9355,0.9404,0.9450,0.9493
0.9536,0.9578,0.9621,0.9662,0.9704,0.9747,0.9788,0.9829,0.9870,0.9908
0.9944,0.9980,0.9999,1.0000,1.0000,1.0000,1.0000,1.0000,1.0000,1.0000
1.0000,1.0000,1.0000,1.0000,1.0000,1.0000,1.0000,1.0000,1.0000,1.0000
1.0000,1.0000,1.0000,1.0000,1.0000,1.0000,1.0000,1.0000,1.0000,1.0000
1.0000,1.0000,1.0000,1.0000,1.0000,1.0000,1.0000,1.0000,1.0000,1.0000
1.0000,1.0000,1.0000,1.0000,1.0000,1.0000,1.0000,1.0000,1.0000,1.0000
1.0000,1.0000,1.0000,1.0000,1.0000,1.0000,1.0000,1.0000,1.0000,1.0000
edc1wc04fract=0.0036,0.0075,0.0111,0.0147,0.0184,0.0225,0.0266,0.0310
0.0358,0.0416,0.0483,0.0561,0.0652,0.0752,0.0871,0.1009,0.1158,0.1327
0.1512,0.1719,0.1941,0.2162,0.2393,0.2635,0.2893,0.3140,0.3388,0.3645
0.3905,0.4149,0.4404,0.4652,0.4900,0.5145,0.5377,0.5602,0.5842,0.6067
0.6293,0.6514,0.6730,0.6932,0.7129,0.7324,0.7498,0.7671,0.7832,0.7979
0.8115,0.8246,0.8366,0.8473,0.8573,0.8660,0.8747,0.8825,0.8900,0.8970
0.9036,0.9098,0.9156,0.9212,0.9264,0.9316,0.9367,0.9419,0.9465,0.9507
0.9549,0.9593,0.9634,0.9674,0.9717,0.9757,0.9796,0.9833,0.9872,0.9913
0.9953,0.9989,1.0000,1.0000,1.0000,1.0000,1.0000,1.0000,1.0000,1.0000
1.0000,1.0000,1.0000,1.0000,1.0000,1.0000,1.0000,1.0000,1.0000,1.0000
1.0000,1.0000,1.0000,1.0000,1.0000,1.0000,1.0000,1.0000,1.0000,1.0000
1.0000,1.0000,1.0000,1.0000,1.0000,1.0000,1.0000,1.0000,1.0000,1.0000
1.0000,1.0000,1.0000,1.0000,1.0000,1.0000,1.0000,1.0000,1.0000,1.0000
1.0000,1.0000,1.0000,1.0000,1.0000,1.0000,1.0000,1.0000,1.0000,1.0000
edc1wc05fract=0.0036,0.0071,0.0107,0.0141,0.0176,0.0211,0.0249,0.0289
0.0334,0.0392,0.0456,0.0529,0.0619,0.0722,0.0840,0.0978,0.1134,0.1304
0.1489,0.1700,0.1918,0.2144,0.2381,0.2622,0.2874,0.3121,0.3382,0.3634
0.3892,0.4141,0.4380,0.4628,0.4872,0.5108,0.5341,0.5570,0.5796,0.6021
0.6238,0.6457,0.6665,0.6877,0.7071,0.7263,0.7440,0.7610,0.7771,0.7917
0.8053,0.8187,0.8304,0.8415,0.8513,0.8611,0.8698,0.8778,0.8854,0.8926
0.8991,0.9055,0.9119,0.9176,0.9229,0.9279,0.9330,0.9379,0.9428,0.9478
0.9522,0.9567,0.9607,0.9647,0.9691,0.9730,0.9771,0.9813,0.9852,0.9893
0.9932,0.9971,0.9999,1.0000,1.0000,1.0000,1.0000,1.0000,1.0000,1.0000
1.0000,1.0000,1.0000,1.0000,1.0000,1.0000,1.0000,1.0000,1.0000,1.0000
1.0000,1.0000,1.0000,1.0000,1.0000,1.0000,1.0000,1.0000,1.0000,1.0000
1.0000,1.0000,1.0000,1.0000,1.0000,1.0000,1.0000,1.0000,1.0000,1.0000
1.0000,1.0000,1.0000,1.0000,1.0000,1.0000,1.0000,1.0000,1.0000,1.0000
1.0000,1.0000,1.0000,1.0000,1.0000,1.0000,1.0000,1.0000,1.0000,1.0000
edc1wc06fract=0.0033,0.0068,0.0104,0.0139,0.0178,0.0211,0.0248,0.0291
0.0337,0.0395,0.0463,0.0548,0.0639,0.0747,0.0867,0.1005,0.1159,0.1333
0.1522,0.1723,0.1940,0.2177,0.2419,0.2661,0.2919,0.3172,0.3431,0.3680
0.3933,0.4182,0.4432,0.4676,0.4924,0.5151,0.5380,0.5610,0.5842,0.6069
0.6286,0.6500,0.6717,0.6923,0.7120,0.7305,0.7482,0.7652,0.7807,0.7951
0.8091,0.8216,0.8343,0.8448,0.8551,0.8636,0.8721,0.8801,0.8877,0.8946
0.9007,0.9069,0.9126,0.9181,0.9235,0.9286,0.9337,0.9387,0.9433,0.9475
0.9517,0.9563,0.9605,0.9652,0.9694,0.9735,0.9775,0.9813,0.9854,0.9894
0.9935,0.9973,0.9997,1.0000,1.0000,1.0000,1.0000,1.0000,1.0000,1.0000
1.0000,1.0000,1.0000,1.0000,1.0000,1.0000,1.0000,1.0000,1.0000,1.0000
1.0000,1.0000,1.0000,1.0000,1.0000,1.0000,1.0000,1.0000,1.0000,1.0000
1.0000,1.0000,1.0000,1.0000,1.0000,1.0000,1.0000,1.0000,1.0000,1.0000
1.0000,1.0000,1.0000,1.0000,1.0000,1.0000,1.0000,1.0000,1.0000,1.0000
1.0000,1.0000,1.0000,1.0000,1.0000,1.0000,1.0000,1.0000,1.0000,1.0000
edc1wc07fract=0.0040,0.0080,0.0118,0.0154,0.0191,0.0231,0.0273,0.0318
0.0372,0.0432,0.0498,0.0582,0.0668,0.0766,0.0887,0.1021,0.1168,0.1330
0.1506,0.1706,0.1924,0.2147,0.2376,0.2618,0.2867,0.3119,0.3371,0.3626
0.3883,0.4143,0.4388,0.4632,0.4874,0.5118,0.5348,0.5577,0.5809,0.6032
0.6253,0.6462,0.6674,0.6873,0.7069,0.7257,0.7442,0.7616,0.7778,0.7933
0.8067,0.8192,0.8313,0.8419,0.8520,0.8614,0.8703,0.8780,0.8855,0.8923
0.8991,0.9057,0.9117,0.9175,0.9234,0.9285,0.9333,0.9380,0.9426,0.9472
0.9522,0.9562,0.9607,0.9652,0.9693,0.9736,0.9776,0.9817,0.9857,0.9898
0.9939,0.9979,0.9999,1.0000,1.0000,1.0000,1.0000,1.0000,1.0000,1.0000
1.0000,1.0000,1.0000,1.0000,1.0000,1.0000,1.0000,1.0000,1.0000,1.0000
1.0000,1.0000,1.0000,1.0000,1.0000,1.0000,1.0000,1.0000,1.0000,1.0000
1.0000,1.0000,1.0000,1.0000,1.0000,1.0000,1.0000,1.0000,1.0000,1.0000
1.0000,1.0000,1.0000,1.0000,1.0000,1.0000,1.0000,1.0000,1.0000,1.0000
1.0000,1.0000,1.0000,1.0000,1.0000,1.0000,1.0000,1.0000,1.0000,1.0000
edc1wc08fract=0.0039,0.0077,0.0114,0.0152,0.0192,0.0234,0.0275,0.0324
0.0375,0.0437,0.0506,0.0590,0.0685,0.0792,0.0915,0.1049,0.1206,0.1378
0.1561,0.1764,0.1983,0.2215,0.2454,0.2695,0.2942,0.3196,0.3445,0.3698
0.3949,0.4196,0.4431,0.4675,0.4913,0.5154,0.5387,0.5620,0.5844,0.6065
0.6282,0.6495,0.6706,0.6907,0.7102,0.7283,0.7464,0.7630,0.7787,0.7935
0.8073,0.8196,0.8312,0.8420,0.8521,0.8608,0.8696,0.8778,0.8854,0.8923
0.8988,0.9051,0.9109,0.9165,0.9217,0.9270,0.9324,0.9375,0.9423,0.9470
0.9518,0.9560,0.9605,0.9649,0.9693,0.9736,0.9779,0.9817,0.9856,0.9896
0.9937,0.9976,0.9999,1.0000,1.0000,1.0000,1.0000,1.0000,1.0000,1.0000
1.0000,1.0000,1.0000,1.0000,1.0000,1.0000,1.0000,1.0000,1.0000,1.0000
1.0000,1.0000,1.0000,1.0000,1.0000,1.0000,1.0000,1.0000,1.0000,1.0000
1.0000,1.0000,1.0000,1.0000,1.0000,1.0000,1.0000,1.0000,1.0000,1.0000
1.0000,1.0000,1.0000,1.0000,1.0000,1.0000,1.0000,1.0000,1.0000,1.0000
1.0000,1.0000,1.0000,1.0000,1.0000,1.0000,1.0000,1.0000,1.0000,1.0000
edc1wc09fract=0.0035,0.0074,0.0111,0.0146,0.0185,0.0222,0.0259,0.0303
0.0357,0.0413,0.0481,0.0560,0.0655,0.0760,0.0882,0.1017,0.1171,0.1346
0.1542,0.1746,0.1957,0.2178,0.2427,0.2674,0.2920,0.3182,0.3435,0.3686
0.3936,0.4174,0.4421,0.4660,0.4902,0.5130,0.5359,0.5589,0.5816,0.6039
0.6247,0.6461,0.6663,0.6859,0.7064,0.7255,0.7432,0.7600,0.7754,0.7903
0.8036,0.8163,0.8281,0.8385,0.8486,0.8582,0.8668,0.8747,0.8825,0.8896
0.8961,0.9025,0.9083,0.9140,0.9195,0.9248,0.9301,0.9349,0.9398,0.9448
0.9493,0.9541,0.9587,0.9628,0.9672,0.9717,0.9757,0.9800,0.9843,0.9885
0.9928,0.9969,0.9999,1.0000,1.0000,1.0000,1.0000,1.0000,1.0000,1.0000
1.0000,1.0000,1.0000,1.0000,1.0000,1.0000,1.0000,1.0000,1.0000,1.0000
1.0000,1.0000,1.0000,1.0000,1.0000,1.0000,1.0000,1.0000,1.0000,1.0000
1.0000,1.0000,1.0000,1.0000,1.0000,1.0000,1.0000,1.0000,1.0000,1.0000
1.0000,1.0000,1.0000,1.0000,1.0000,1.0000,1.0000,1.0000,1.0000,1.0000
1.0000,1.0000,1.0000,1.0000,1.0000,1.0000,1.0000,1.0000,1.0000,1.0000
edc1wc10fract=0.0035,0.0072,0.0110,0.0146,0.0184,0.0226,0.0266,0.0315
0.0370,0.0433,0.0506,0.0587,0.0679,0.0789,0.0918,0.1059,0.1213,0.1386
0.1580,0.1786,0.2005,0.2234,0.2476,0.2722,0.2970,0.3229,0.3484,0.3734
0.3987,0.4234,0.4479,0.4722,0.4957,0.5195,0.5430,0.5668,0.5894,0.6115
0.6327,0.6542,0.6744,0.6945,0.7133,0.7325,0.7507,0.7669,0.7828,0.7967
0.8099,0.8223,0.8336,0.8440,0.8537,0.8628,0.8711,0.8786,0.8861,0.8932
0.8995,0.9058,0.9114,0.9168,0.9222,0.9274,0.9328,0.9378,0.9428,0.9477
0.9522,0.9565,0.9609,0.9651,0.9693,0.9737,0.9781,0.9820,0.9863,0.9906
0.9947,0.9983,1.0000,1.0000,1.0000,1.0000,1.0000,1.0000,1.0000,1.0000
1.0000,1.0000,1.0000,1.0000,1.0000,1.0000,1.0000,1.0000,1.0000,1.0000
1.0000,1.0000,1.0000,1.0000,1.0000,1.0000,1.0000,1.0000,1.0000,1.0000
1.0000,1.0000,1.0000,1.0000,1.0000,1.0000,1.0000,1.0000,1.0000,1.0000
1.0000,1.0000,1.0000,1.0000,1.0000,1.0000,1.0000,1.0000,1.0000,1.0000
1.0000,1.0000,1.0000,1.0000,1.0000,1.0000,1.0000,1.0000,1.0000,1.0000

edc2fract= 0.0030,0.0055,0.0084,0.0116,0.0146,0.0183,0.0222,0.0270
0.0327,0.0397,0.0479,0.0574,0.0679,0.0799,0.0935,0.1091,0.1264,0.1447
0.1636,0.1842,0.2061,0.2283,0.2515,0.2747,0.2984,0.3230,0.3469,0.3721
0.3965,0.4200,0.4424,0.4657,0.4883,0.5102,0.5317,0.5521,0.5723,0.5921
0.6110,0.6284,0.6451,0.6617,0.6767,0.6898,0.7019,0.7140,0.7246,0.7344
0.7431,0.7512,0.7596,0.7672,0.7739,0.7812,0.7873,0.7937,0.7998,0.8054
0.8110,0.8158,0.8214,0.8268,0.8323,0.8374,0.8424,0.8470,0.8515,0.8563
0.8609,0.8654,0.8699,0.8740,0.8778,0.8816,0.8863,0.8902,0.8941,0.8976
0.9015,0.9050,0.9083,0.9119,0.9154,0.9188,0.9221,0.9254,0.9287,0.9326
0.9355,0.9389,0.9421,0.9449,0.9482,0.9511,0.9538,0.9566,0.9593,0.9619
0.9644,0.9665,0.9691,0.9715,0.9735,0.9757,0.9777,0.9797,0.9815,0.9835
0.9855,0.9869,0.9888,0.9903,0.9919,0.9932,0.9949,0.9964,0.9977,0.9989
0.9998,1.0000,1.0000,1.0000,1.0000,1.0000,1.0000,1.0000,1.0000,1.0000
1.0000,1.0000,1.0000,1.0000,1.0000,1.0000,1.0000,1.0000,1.0000,1.0000
 0.0029,0.0055,0.0083,0.0112,0.0142,0.0179,0.0214,0.0255
0.0303,0.0362,0.0427,0.0500,0.0586,0.0680,0.0778,0.0886,0.1002,0.1138
0.1276,0.1416,0.1560,0.1716,0.1871,0.2029,0.2191,0.2352,0.2515,0.2678
0.2842,0.3004,0.3163,0.3328,0.3492,0.3655,0.3814,0.3973,0.4142,0.4310
0.4476,0.4637,0.4797,0.4959,0.5122,0.5281,0.5443,0.5600,0.5756,0.5913
0.6074,0.6227,0.6371,0.6518,0.6656,0.6790,0.6922,0.7041,0.7151,0.7260
0.7366,0.7465,0.7552,0.7638,0.7716,0.7792,0.7863,0.7933,0.7997,0.8055
0.8111,0.8166,0.8222,0.8276,0.8335,0.8389,0.8441,0.8487,0.8537,0.8587
0.8632,0.8682,0.8727,0.8766,0.8809,0.8855,0.8897,0.8938,0.8979,0.9021
0.9061,0.9100,0.9137,0.9174,0.9209,0.9244,0.9278,0.9317,0.9352,0.9384
0.9414,0.9452,0.9484,0.9518,0.9551,0.9583,0.9613,0.9645,0.9675,0.9706
0.9735,0.9767,0.9798,0.9826,0.9853,0.9877,0.9901,0.9928,0.9955,0.9977
0.9998,1.0000,1.0000,1.0000,1.0000,1.0000,1.0000,1.0000,1.0000,1.0000
1.0000,1.0000,1.0000,1.0000,1.0000,1.0000,1.0000,1.0000,1.0000,1.0000
 0.0022,0.0044,0.0067,0.0092,0.0121,0.0152,0.0188,0.0236
0.0292,0.0358,0.0435,0.0521,0.0614,0.0719,0.0841,0.0973,0.1116,0.1267
0.1429,0.1588,0.1755,0.1930,0.2111,0.2282,0.2455,0.2636,0.2817,0.2998
0.3179,0.3348,0.3531,0.3709,0.3882,0.4053,0.4222,0.4406,0.4584,0.4755
0.4930,0.5102,0.5266,0.5442,0.5606,0.5775,0.5934,0.6092,0.6257,0.6417
0.6576,0.6728,0.6872,0.7015,0.7151,0.7280,0.7410,0.7529,0.7644,0.7751
0.7852,0.7942,0.8029,0.8108,0.8183,0.8251,0.8319,0.8383,0.8440,0.8490
0.8540,0.8584,0.8630,0.8670,0.8713,0.8755,0.8799,0.8839,0.8877,0.8918
0.8954,0.8990,0.9025,0.9062,0.9098,0.9130,0.9162,0.9192,0.9226,0.9261
0.9293,0.9327,0.9359,0.9390,0.9419,0.9447,0.9476,0.9506,0.9534,0.9560
0.9589,0.9614,0.9638,0.9662,0.9688,0.9713,0.9736,0.9757,0.9782,0.9804
0.9826,0.9846,0.9866,0.9884,0.9903,0.9921,0.9937,0.9954,0.9972,0.9987
1.0000,1.0000,1.0000,1.0000,1.0000,1.0000,1.0000,1.0000,1.0000,1.0000
1.0000,1.0000,1.0000,1.0000,1.0000,1.0000,1.0000,1.0000,1.0000,1.0000
 0.0022,0.0047,0.0072,0.0099,0.0126,0.0162,0.0204,0.0246
0.0297,0.0363,0.0434,0.0522,0.0622,0.0723,0.0841,0.0969,0.1113,0.1264
0.1421,0.1586,0.1753,0.1933,0.2114,0.2292,0.2474,0.2654,0.2836,0.3017
0.3205,0.3380,0.3554,0.3732,0.3905,0.4071,0.4249,0.4419,0.4589,0.4755
0.4924,0.5102,0.5276,0.5447,0.5616,0.5784,0.5952,0.6113,0.6280,0.6442
0.6595,0.6750,0.6900,0.7044,0.7182,0.7315,0.7446,0.7567,0.7677,0.7782
0.7887,0.7977,0.8062,0.8140,0.8211,0.8276,0.8334,0.8396,0.8449,0.8501
0.8551,0.8595,0.8638,0.8689,0.8731,0.8776,0.8814,0.8852,0.8890,0.8929
0.8963,0.9002,0.9037,0.9074,0.9109,0.9141,0.9174,0.9210,0.9243,0.9273
0.9303,0.9334,0.9362,0.9391,0.9419,0.9450,0.9481,0.9511,0.9539,0.9569
0.9595,0.9624,0.9650,0.9673,0.9697,0.9719,0.9745,0.9767,0.9790,0.9811
0.9831,0.9853,0.9871,0.9889,0.9908,0.9922,0.9940,0.9956,0.9973,0.9988
0.9999,1.0000,1.0000,1.0000,1.0000,1.0000,1.0000,1.0000,1.0000,1.0000
1.0000,1.0000,1.0000,1.0000,1.0000,1.0000,1.0000,1.0000,1.0000,1.0000
 0.0028,0.0055,0.0079,0.0108,0.0136,0.0170,0.0207,0.0252
0.0305,0.0366,0.0438,0.0521,0.0613,0.0721,0.0841,0.0970,0.1109,0.1258
0.1411,0.1585,0.1761,0.1938,0.2122,0.2299,0.2477,0.2652,0.2830,0.3016
0.3201,0.3377,0.3553,0.3732,0.3914,0.4095,0.4269,0.4445,0.4620,0.4795
0.4966,0.5131,0.5298,0.5464,0.5633,0.5797,0.5965,0.6132,0.6290,0.6448
0.6609,0.6760,0.6912,0.7066,0.7213,0.7350,0.7481,0.7605,0.7723,0.7832
0.7930,0.8021,0.8110,0.8183,0.8256,0.8324,0.8385,0.8444,0.8496,0.8548
0.8596,0.8642,0.8684,0.8723,0.8766,0.8804,0.8842,0.8880,0.8916,0.8949
0.8985,0.9020,0.9054,0.9087,0.9117,0.9149,0.9182,0.9214,0.9247,0.9279
0.9308,0.9337,0.9370,0.9397,0.9428,0.9457,0.9485,0.9512,0.9542,0.9567
0.9593,0.9621,0.9645,0.9670,0.9693,0.9716,0.9738,0.9760,0.9780,0.9800
0.9821,0.9839,0.9859,0.9875,0.9893,0.9911,0.9929,0.9945,0.9962,0.9975
0.9992,0.9997,1.0000,1.0000,1.0000,1.0000,1.0000,1.0000,1.0000,1.0000
1.0000,1.0000,1.0000,1.0000,1.0000,1.0000,1.0000,1.0000,1.0000,1.0000
 0.0025,0.0051,0.0078,0.0104,0.0133,0.0160,0.0193,0.0235
0.0281,0.0340,0.0411,0.0489,0.0576,0.0678,0.0792,0.0917,0.1051,0.1201
0.1363,0.1528,0.1704,0.1883,0.2066,0.2246,0.2433,0.2621,0.2806,0.2986
0.3173,0.3362,0.3541,0.3723,0.3898,0.4068,0.4246,0.4416,0.4595,0.4770
0.4944,0.5118,0.5289,0.5465,0.5632,0.5800,0.5968,0.6135,0.6299,0.6455
0.6611,0.6767,0.6914,0.7064,0.7204,0.7333,0.7466,0.7588,0.7706,0.7816
0.7919,0.8011,0.8095,0.8172,0.8244,0.8315,0.8383,0.8440,0.8495,0.8542
0.8592,0.8640,0.8687,0.8728,0.8768,0.8806,0.8844,0.8881,0.8918,0.8956
0.8989,0.9023,0.9056,0.9090,0.9126,0.9159,0.9193,0.9224,0.9255,0.9285
0.9317,0.9346,0.9379,0.9405,0.9432,0.9460,0.9491,0.9517,0.9545,0.9573
0.9595,0.9621,0.9646,0.9672,0.9697,0.9720,0.9742,0.9763,0.9785,0.9805
0.9824,0.9842,0.9861,0.9876,0.9895,0.9911,0.9928,0.9944,0.9962,0.9976
0.9992,0.9999,1.0000,1.0000,1.0000,1.0000,1.0000,1.0000,1.0000,1.0000
1.0000,1.0000,1.0000,1.0000,1.0000,1.0000,1.0000,1.0000,1.0000,1.0000
