edrift_coeff=-0.000683459, 0.00411137, 6.15426e-05, -5.71509e-07, 
             -0.000683459, 0.00411137, 6.15426e-05, -5.71509e-07, 
             -0.000683459, 0.00411137, 6.15426e-05, -5.71509e-07, 
             -0.000683459, 0.00411137, 6.15426e-05, -5.71509e-07, 
             -0.000683459, 0.00411137, 6.15426e-05, -5.71509e-07, 
             -0.000683459, 0.00411137, 6.15426e-05, -5.71509e-07, 
             -0.000683459, 0.00411137, 6.15426e-05, -5.71509e-07, 
             0.000663124, 0.00404632, 6.66108e-05, -6.22517e-07, 
             0.000663124, 0.00404632, 6.66108e-05, -6.22517e-07, 
             0.000663124, 0.00404632, 6.66108e-05, -6.22517e-07, 
             0.000663124, 0.00404632, 6.66108e-05, -6.22517e-07, 
             0.000663124, 0.00404632, 6.66108e-05, -6.22517e-07, 
             0.000663124, 0.00404632, 6.66108e-05, -6.22517e-07, 
             0.000663124, 0.00404632, 6.66108e-05, -6.22517e-07, 
             -0.00116259, 0.00384272, 7.52828e-05, -6.73308e-07, 
             -0.00116259, 0.00384272, 7.52828e-05, -6.73308e-07, 
             -0.00116259, 0.00384272, 7.52828e-05, -6.73308e-07, 
             -0.00116259, 0.00384272, 7.52828e-05, -6.73308e-07, 
             -0.00116259, 0.00384272, 7.52828e-05, -6.73308e-07, 
             -0.00116259, 0.00384272, 7.52828e-05, -6.73308e-07, 
             -0.00116259, 0.00384272, 7.52828e-05, -6.73308e-07, 
             -0.0015642, 0.0036057, 7.63886e-05, -6.60418e-07, 
             -0.0015642, 0.0036057, 7.63886e-05, -6.60418e-07, 
             -0.0015642, 0.0036057, 7.63886e-05, -6.60418e-07, 
             -0.0015642, 0.0036057, 7.63886e-05, -6.60418e-07, 
             -0.0015642, 0.0036057, 7.63886e-05, -6.60418e-07, 
             -0.0015642, 0.0036057, 7.63886e-05, -6.60418e-07, 
             -0.0015642, 0.0036057, 7.63886e-05, -6.60418e-07, 
             0.000440486, 0.00583718, 1.75256e-05, -3.22434e-07, 
             0.000440486, 0.00583718, 1.75256e-05, -3.22434e-07, 
             0.000440486, 0.00583718, 1.75256e-05, -3.22434e-07, 
             0.000440486, 0.00583718, 1.75256e-05, -3.22434e-07, 
             0.000440486, 0.00583718, 1.75256e-05, -3.22434e-07, 
             0.000440486, 0.00583718, 1.75256e-05, -3.22434e-07, 
             0.000440486, 0.00583718, 1.75256e-05, -3.22434e-07, 
             0.00169751, 0.00571583, 1.68463e-05, -3.06234e-07, 
             0.00169751, 0.00571583, 1.68463e-05, -3.06234e-07, 
             0.00169751, 0.00571583, 1.68463e-05, -3.06234e-07, 
             0.00169751, 0.00571583, 1.68463e-05, -3.06234e-07, 
             0.00169751, 0.00571583, 1.68463e-05, -3.06234e-07, 
             0.00169751, 0.00571583, 1.68463e-05, -3.06234e-07, 
             0.00169751, 0.00571583, 1.68463e-05, -3.06234e-07, 
             0.000226739, 0.00472353, 5.10226e-05, -5.00928e-07, 
             0.000226739, 0.00472353, 5.10226e-05, -5.00928e-07, 
             0.000226739, 0.00472353, 5.10226e-05, -5.00928e-07, 
             0.000226739, 0.00472353, 5.10226e-05, -5.00928e-07, 
             0.000226739, 0.00472353, 5.10226e-05, -5.00928e-07, 
             0.000226739, 0.00472353, 5.10226e-05, -5.00928e-07, 
             0.000226739, 0.00472353, 5.10226e-05, -5.00928e-07, 
             -0.000710747, 0.00340664, 7.74724e-05, -6.27838e-07, 
             -0.000710747, 0.00340664, 7.74724e-05, -6.27838e-07, 
             -0.000710747, 0.00340664, 7.74724e-05, -6.27838e-07, 
             -0.000710747, 0.00340664, 7.74724e-05, -6.27838e-07, 
             -0.000710747, 0.00340664, 7.74724e-05, -6.27838e-07, 
             -0.000710747, 0.00340664, 7.74724e-05, -6.27838e-07, 
             -0.000710747, 0.00340664, 7.74724e-05, -6.27838e-07, 
             0.000517496, 0.0053412, 3.51114e-05, -4.14128e-07, 
             0.000517496, 0.0053412, 3.51114e-05, -4.14128e-07, 
             0.000517496, 0.0053412, 3.51114e-05, -4.14128e-07, 
             0.000517496, 0.0053412, 3.51114e-05, -4.14128e-07, 
             0.000517496, 0.0053412, 3.51114e-05, -4.14128e-07, 
             0.000517496, 0.0053412, 3.51114e-05, -4.14128e-07, 
             0.000517496, 0.0053412, 3.51114e-05, -4.14128e-07, 
             0.00059447, 0.00506954, 4.07934e-05, -4.4352e-07, 
             0.00059447, 0.00506954, 4.07934e-05, -4.4352e-07, 
             0.00059447, 0.00506954, 4.07934e-05, -4.4352e-07, 
             0.00059447, 0.00506954, 4.07934e-05, -4.4352e-07, 
             0.00059447, 0.00506954, 4.07934e-05, -4.4352e-07, 
             0.00059447, 0.00506954, 4.07934e-05, -4.4352e-07, 
             0.00059447, 0.00506954, 4.07934e-05, -4.4352e-07, 
edc2_drift_coeff=0.0, 0.00486441, 9.97238e-06, -1.33503e-07, 
                 0.0, 0.00486441, 9.97238e-06, -1.33503e-07, 
                 0.0, 0.00486441, 9.97238e-06, -1.33503e-07, 
                 0.0, 0.00486441, 9.97238e-06, -1.33503e-07, 
                 0.0, 0.00486441, 9.97238e-06, -1.33503e-07, 
                 0.0, 0.00486441, 9.97238e-06, -1.33503e-07, 
                 0.0, 0.00397432, 3.14641e-05, -2.47066e-07, 
                 0.0, 0.00397432, 3.14641e-05, -2.47066e-07, 
                 0.0, 0.00397432, 3.14641e-05, -2.47066e-07, 
                 0.0, 0.00397432, 3.14641e-05, -2.47066e-07, 
                 0.0, 0.00397432, 3.14641e-05, -2.47066e-07, 
                 0.0, 0.00397432, 3.14641e-05, -2.47066e-07, 
                 0.0, 0.00457703, 1.88278e-05, -1.84465e-07, 
                 0.0, 0.00457703, 1.88278e-05, -1.84465e-07, 
                 0.0, 0.00457703, 1.88278e-05, -1.84465e-07, 
                 0.0, 0.00457703, 1.88278e-05, -1.84465e-07, 
                 0.0, 0.00457703, 1.88278e-05, -1.84465e-07, 
                 0.0, 0.00457703, 1.88278e-05, -1.84465e-07, 
                 0.0, 0.00457703, 1.88278e-05, -1.84465e-07, 
                 0.0, 0.00457703, 1.88278e-05, -1.84465e-07, 
                 0.0, 0.00412373, 2.81803e-05, -2.3005e-07, 
                 0.0, 0.00412373, 2.81803e-05, -2.3005e-07, 
                 0.0, 0.00412373, 2.81803e-05, -2.3005e-07, 
                 0.0, 0.00412373, 2.81803e-05, -2.3005e-07, 
                 0.0, 0.00412373, 2.81803e-05, -2.3005e-07, 
                 0.0, 0.00412373, 2.81803e-05, -2.3005e-07, 
                 0.0, 0.00412373, 2.81803e-05, -2.3005e-07, 
                 0.0, 0.00412373, 2.81803e-05, -2.3005e-07, 
                 0.0, 0.00463567, 1.89285e-05, -1.89054e-07, 
                 0.0, 0.00463567, 1.89285e-05, -1.89054e-07, 
                 0.0, 0.00463567, 1.89285e-05, -1.89054e-07, 
                 0.0, 0.00463567, 1.89285e-05, -1.89054e-07, 
                 0.0, 0.00463567, 1.89285e-05, -1.89054e-07, 
                 0.0, 0.00463567, 1.89285e-05, -1.89054e-07, 
                 0.0, 0.00443988, 2.29665e-05, -2.09104e-07, 
                 0.0, 0.00443988, 2.29665e-05, -2.09104e-07, 
                 0.0, 0.00443988, 2.29665e-05, -2.09104e-07, 
                 0.0, 0.00443988, 2.29665e-05, -2.09104e-07, 
                 0.0, 0.00443988, 2.29665e-05, -2.09104e-07, 
                 0.0, 0.00443988, 2.29665e-05, -2.09104e-07, 
