;---------------------------------------------------------------------
; HKS_TRACKING
; CTP parameter file containing all tracking parameters for the HKS
;----------------------------------------------------------------------
; sigma of wire chamber resolution for each plane
      hdc_sigma = 0.020
                  0.020
                  0.020
                  0.020
                  0.020
                  0.020
                  0.020
                  0.020
                  0.020
                  0.020
                  0.020
                  0.020
; hks dc tdc minimum tdc value array allowed for a good hit
;    hdc_tdc_min_win = 2380, 2380, 2380, 2380, 2380, 2380
;                      2380, 2380, 2380, 2380, 2380, 2380
    hdc_tdc_min_win = 2550, 2550, 2550, 2550, 2550, 2550
                      2550, 2550, 2550, 2550, 2550, 2550
; hks dc tdc maximum tdc value array allowed for a good hit
;    hdc_tdc_max_win = 2920, 2920, 2920, 2920, 2920, 2920
;                      2920, 2920, 2920, 2920, 2920, 2920
    hdc_tdc_max_win = 2950, 2950, 2950, 2950, 2950, 2950
                      2950, 2950, 2950, 2950, 2950, 2950
; hks drift chamber tdc's time per channel
; use norminal setting value for low resolution F1TDC
       hdc_tdc_time_per_channel = 0.5  
; hks zero time for drift chambers
;       hdc_layer_time_zero = (1342)
;                            (1342)
;                             (1342)
;                            (1342)
;                             (1342)
;                             (1342)
;                             (1332)
;                             (1332)
;                             (1332)
;                             (1332)
;                             (1332)
;                             (1332)

       hdc_layer_time_zero = (1332)
                             (1332)
                             (1333)
                             (1333)
                             (1332)
                             (1330)
                             (1330)
                             (1331)
                             (1333)
                             (1333)
                             (1330)
                             (1330)

; Dave Abbott's wire velocity correction
hdc_wire_velocity = 13.0
hdc_central_time = 2.8,2.8,1.5,1.5,2.8,2.8
                   2.8,2.8,1.5,1.5,2.8,2.8
hdc_cut_min = 0.0,0.0,0.0,0.0,0.0,0.0
              0.0,0.0,0.0,0.0,0.0,0.0
              0.0,0.0,0.0,0.0,0.0,0.0
              0.0,0.0,0.0,0.0,0.0,0.0
              0.0,0.0,0.0,0.0,0.0,0.0
              0.0,0.0,0.0,0.0,0.0,0.0
              0.0,0.0,0.0,0.0,0.0,0.0
              0.0,0.0,0.0,0.0,0.0,0.0
              0.0,0.0,0.0,0.0,0.0,0.0
              0.0,0.0,0.0,0.0,0.0,0.0
              0.0,0.0,0.0,0.0,0.0,0.0


hdc_cut_max = 122.0, 122.0, 122.0, 122.0, 122.0, 122.0 
	      122.0, 122.0, 122.0, 122.0, 122.0, 122.0 	
	      122.0, 122.0, 122.0, 122.0, 122.0, 122.0 		
	      122.0, 122.0, 122.0, 122.0, 122.0, 122.0 		
	      122.0, 122.0, 122.0, 122.0, 122.0, 122.0 		
	      122.0, 122.0, 122.0, 122.0, 122.0, 122.0 		
	      122.0, 122.0, 122.0, 122.0, 122.0, 122.0 		
	      122.0, 122.0, 122.0, 122.0, 122.0, 122.0 		
	      122.0, 122.0, 122.0, 122.0, 122.0, 122.0 		
	      122.0, 122.0, 122.0, 122.0, 122.0, 122.0 		
	      122.0, 122.0, 122.0, 122.0, 122.0, 122.0 		
	      122.0, 122.0, 122.0, 122.0, 122.0, 122.0 		
