; For HKS DC test. Adapted from sdriftmap.param
; L.Yuan 06/07/2003
;
; Lookup table for Hall C drift chamber time to distance map.
;
;number of bins in Meek's time to distance lookup table
hdriftbins=126
;number of 1st bin in Meek's table in ns
hdrift1stbin=-50
;bin size in ns of Meek's table
hdriftbinsz=2
;
hwc1u1fract=0.0033,0.0068,0.0104,0.0139,0.0174,0.0209,0.0243,0.0275
0.0310,0.0347,0.0381,0.0414,0.0448,0.0485,0.0515,0.0550,0.0580,0.0611
0.0646,0.0681,0.0714,0.0744,0.0779,0.0814,0.0848,0.0885,0.0930,0.0991
0.1074,0.1186,0.1322,0.1468,0.1610,0.1753,0.1890,0.2037,0.2183,0.2325
0.2468,0.2613,0.2759,0.2908,0.3051,0.3195,0.3345,0.3500,0.3657,0.3813
0.3967,0.4119,0.4273,0.4430,0.4591,0.4752,0.4903,0.5068,0.5225,0.5388
0.5552,0.5714,0.5874,0.6031,0.6182,0.6333,0.6488,0.6634,0.6780,0.6927
0.7070,0.7209,0.7350,0.7485,0.7606,0.7724,0.7837,0.7936,0.8033,0.8117
0.8194,0.8259,0.8324,0.8379,0.8433,0.8482,0.8532,0.8583,0.8635,0.8679
0.8726,0.8771,0.8815,0.8857,0.8906,0.8953,0.8999,0.9042,0.9082,0.9118
0.9159,0.9206,0.9247,0.9283,0.9322,0.9358,0.9392,0.9428,0.9465,0.9503
0.9540,0.9574,0.9611,0.9647,0.9683,0.9719,0.9761,0.9795,0.9826,0.9860
0.9897,0.9934,0.9968,0.9994,0.9999,1.0000,1.0000,1.0000,
hwc1u2fract=0.0030,0.0060,0.0095,0.0130,0.0164,0.0197,0.0230,0.0268
0.0305,0.0337,0.0372,0.0406,0.0441,0.0473,0.0504,0.0535,0.0568,0.0601
0.0633,0.0668,0.0702,0.0735,0.0771,0.0804,0.0839,0.0881,0.0938,0.1031
0.1149,0.1289,0.1431,0.1579,0.1728,0.1873,0.2033,0.2175,0.2317,0.2456
0.2601,0.2742,0.2894,0.3043,0.3201,0.3362,0.3519,0.3668,0.3823,0.3973
0.4133,0.4298,0.4450,0.4607,0.4768,0.4926,0.5087,0.5249,0.5408,0.5559
0.5716,0.5873,0.6027,0.6178,0.6333,0.6478,0.6629,0.6768,0.6914,0.7054
0.7190,0.7321,0.7449,0.7566,0.7676,0.7787,0.7883,0.7976,0.8057,0.8127
0.8195,0.8261,0.8323,0.8375,0.8433,0.8485,0.8533,0.8580,0.8628,0.8677
0.8724,0.8770,0.8815,0.8861,0.8908,0.8952,0.8995,0.9040,0.9079,0.9117
0.9160,0.9202,0.9242,0.9282,0.9324,0.9361,0.9397,0.9437,0.9476,0.9517
0.9551,0.9583,0.9617,0.9653,0.9688,0.9722,0.9756,0.9792,0.9825,0.9865
0.9899,0.9934,0.9969,0.9995,0.9999,1.0000,1.0000,1.0000,
hwc1x1fract=0.0031,0.0066,0.0102,0.0138,0.0176,0.0207,0.0238,0.0274
0.0311,0.0343,0.0381,0.0416,0.0451,0.0486,0.0517,0.0547,0.0578,0.0609
0.0644,0.0678,0.0716,0.0749,0.0781,0.0815,0.0850,0.0887,0.0937,0.1002
0.1093,0.1212,0.1357,0.1502,0.1647,0.1792,0.1933,0.2070,0.2208,0.2355
0.2494,0.2642,0.2789,0.2938,0.3090,0.3234,0.3386,0.3532,0.3690,0.3845
0.3989,0.4153,0.4316,0.4473,0.4627,0.4784,0.4938,0.5098,0.5255,0.5413
0.5573,0.5732,0.5894,0.6042,0.6198,0.6337,0.6478,0.6620,0.6768,0.6902
0.7042,0.7169,0.7302,0.7437,0.7562,0.7684,0.7792,0.7891,0.7982,0.8065
0.8139,0.8206,0.8267,0.8328,0.8384,0.8441,0.8495,0.8547,0.8599,0.8649
0.8699,0.8745,0.8792,0.8844,0.8886,0.8930,0.8972,0.9016,0.9061,0.9105
0.9146,0.9191,0.9237,0.9276,0.9314,0.9354,0.9394,0.9432,0.9466,0.9502
0.9537,0.9573,0.9611,0.9650,0.9689,0.9724,0.9759,0.9797,0.9833,0.9865
0.9902,0.9935,0.9969,0.9995,1.0000,1.0000,1.0000,1.0000,
hwc1x2fract=0.0031,0.0064,0.0101,0.0134,0.0167,0.0198,0.0232,0.0267
0.0304,0.0342,0.0373,0.0407,0.0439,0.0470,0.0501,0.0534,0.0562,0.0590
0.0621,0.0650,0.0683,0.0713,0.0750,0.0781,0.0820,0.0857,0.0906,0.0968
0.1059,0.1179,0.1323,0.1468,0.1629,0.1783,0.1940,0.2085,0.2230,0.2381
0.2532,0.2683,0.2831,0.2986,0.3142,0.3299,0.3449,0.3603,0.3761,0.3913
0.4068,0.4225,0.4379,0.4535,0.4690,0.4850,0.5002,0.5167,0.5322,0.5473
0.5631,0.5782,0.5932,0.6081,0.6235,0.6384,0.6527,0.6684,0.6832,0.6978
0.7117,0.7259,0.7389,0.7515,0.7634,0.7750,0.7848,0.7945,0.8034,0.8123
0.8194,0.8257,0.8317,0.8371,0.8429,0.8487,0.8541,0.8595,0.8635,0.8688
0.8738,0.8785,0.8836,0.8878,0.8923,0.8967,0.9017,0.9064,0.9100,0.9141
0.9190,0.9230,0.9268,0.9307,0.9345,0.9379,0.9419,0.9455,0.9489,0.9524
0.9564,0.9597,0.9637,0.9672,0.9710,0.9744,0.9779,0.9814,0.9849,0.9877
0.9908,0.9936,0.9969,0.9996,1.0000,1.0000,1.0000,1.0000,
hwc1v1fract=0.0035,0.0067,0.0098,0.0130,0.0160,0.0194,0.0227,0.0260
0.0295,0.0325,0.0357,0.0391,0.0424,0.0457,0.0491,0.0523,0.0555,0.0586
0.0618,0.0651,0.0684,0.0714,0.0742,0.0777,0.0808,0.0843,0.0885,0.0934
0.1010,0.1109,0.1238,0.1383,0.1531,0.1680,0.1829,0.1984,0.2133,0.2291
0.2438,0.2585,0.2731,0.2880,0.3020,0.3167,0.3320,0.3470,0.3628,0.3779
0.3938,0.4096,0.4259,0.4424,0.4585,0.4744,0.4904,0.5061,0.5225,0.5390
0.5548,0.5707,0.5862,0.6010,0.6165,0.6316,0.6475,0.6627,0.6776,0.6922
0.7068,0.7208,0.7351,0.7487,0.7619,0.7746,0.7862,0.7970,0.8066,0.8155
0.8233,0.8302,0.8362,0.8418,0.8474,0.8527,0.8575,0.8622,0.8669,0.8716
0.8761,0.8805,0.8850,0.8892,0.8934,0.8974,0.9016,0.9057,0.9102,0.9145
0.9184,0.9220,0.9261,0.9302,0.9342,0.9380,0.9417,0.9451,0.9484,0.9520
0.9555,0.9591,0.9632,0.9668,0.9699,0.9733,0.9766,0.9799,0.9834,0.9868
0.9905,0.9938,0.9971,0.9994,1.0000,1.0000,1.0000,1.0000,
hwc1v2fract=0.0036,0.0073,0.0105,0.0137,0.0173,0.0205,0.0241,0.0278
0.0312,0.0347,0.0378,0.0410,0.0445,0.0476,0.0507,0.0536,0.0568,0.0601
0.0633,0.0667,0.0701,0.0734,0.0767,0.0799,0.0831,0.0865,0.0904,0.0945
0.1000,0.1073,0.1176,0.1293,0.1426,0.1562,0.1703,0.1840,0.1979,0.2112
0.2249,0.2383,0.2513,0.2648,0.2788,0.2933,0.3078,0.3216,0.3356,0.3501
0.3653,0.3810,0.3966,0.4114,0.4277,0.4440,0.4603,0.4764,0.4930,0.5099
0.5262,0.5423,0.5597,0.5769,0.5930,0.6085,0.6243,0.6397,0.6546,0.6690
0.6838,0.6983,0.7131,0.7267,0.7408,0.7535,0.7652,0.7768,0.7879,0.7978
0.8063,0.8147,0.8219,0.8287,0.8355,0.8420,0.8483,0.8538,0.8593,0.8643
0.8696,0.8742,0.8791,0.8836,0.8880,0.8927,0.8971,0.9014,0.9059,0.9102
0.9146,0.9182,0.9221,0.9259,0.9301,0.9338,0.9377,0.9415,0.9456,0.9491
0.9529,0.9564,0.9601,0.9638,0.9673,0.9711,0.9747,0.9784,0.9820,0.9856
0.9894,0.9934,0.9970,0.9995,1.0000,1.0000,1.0000,1.0000,
hwc2u1fract=0.0015,0.0032,0.0051,0.0071,0.0093,0.0110,0.0127,0.0145
0.0164,0.0181,0.0198,0.0215,0.0233,0.0247,0.0267,0.0284,0.0298,0.0313
0.0330,0.0348,0.0362,0.0378,0.0393,0.0409,0.0428,0.0448,0.0470,0.0505
0.0566,0.0675,0.0824,0.0994,0.1165,0.1343,0.1516,0.1699,0.1877,0.2049
0.2220,0.2389,0.2559,0.2728,0.2917,0.3087,0.3264,0.3444,0.3624,0.3802
0.3978,0.4161,0.4339,0.4524,0.4713,0.4904,0.5091,0.5272,0.5464,0.5649
0.5835,0.6016,0.6200,0.6385,0.6567,0.6735,0.6906,0.7078,0.7252,0.7420
0.7585,0.7742,0.7905,0.8060,0.8207,0.8342,0.8475,0.8598,0.8691,0.8776
0.8849,0.8910,0.8968,0.9023,0.9070,0.9110,0.9152,0.9194,0.9231,0.9264
0.9296,0.9327,0.9355,0.9383,0.9411,0.9436,0.9465,0.9492,0.9519,0.9551
0.9579,0.9604,0.9627,0.9655,0.9678,0.9703,0.9728,0.9749,0.9767,0.9785
0.9806,0.9826,0.9848,0.9865,0.9887,0.9904,0.9919,0.9937,0.9958,0.9976
0.9994,0.9999,1.0000,1.0000,1.0000,1.0000,1.0000,1.0000,
hwc2u2fract=0.0015,0.0035,0.0054,0.0072,0.0089,0.0109,0.0127,0.0146
0.0162,0.0179,0.0194,0.0213,0.0235,0.0252,0.0269,0.0287,0.0301,0.0316
0.0330,0.0346,0.0363,0.0380,0.0393,0.0407,0.0425,0.0447,0.0473,0.0517
0.0602,0.0728,0.0888,0.1061,0.1231,0.1408,0.1586,0.1761,0.1941,0.2106
0.2266,0.2448,0.2624,0.2792,0.2968,0.3155,0.3336,0.3512,0.3683,0.3862
0.4045,0.4226,0.4407,0.4595,0.4792,0.4988,0.5178,0.5364,0.5548,0.5733
0.5912,0.6092,0.6283,0.6466,0.6642,0.6818,0.6995,0.7180,0.7346,0.7509
0.7675,0.7837,0.7986,0.8137,0.8281,0.8408,0.8526,0.8632,0.8726,0.8804
0.8869,0.8933,0.8987,0.9033,0.9079,0.9122,0.9160,0.9192,0.9231,0.9265
0.9298,0.9330,0.9358,0.9388,0.9415,0.9441,0.9467,0.9493,0.9521,0.9547
0.9571,0.9596,0.9621,0.9649,0.9670,0.9692,0.9712,0.9734,0.9756,0.9778
0.9798,0.9819,0.9837,0.9859,0.9877,0.9897,0.9916,0.9937,0.9956,0.9973
0.9990,0.9998,1.0000,1.0000,1.0000,1.0000,1.0000,1.0000,
hwc2x1fract=0.0019,0.0036,0.0053,0.0073,0.0090,0.0107,0.0125,0.0145
0.0166,0.0185,0.0203,0.0223,0.0241,0.0258,0.0276,0.0293,0.0309,0.0324
0.0336,0.0352,0.0366,0.0382,0.0399,0.0419,0.0441,0.0466,0.0495,0.0553
0.0634,0.0764,0.0935,0.1109,0.1274,0.1451,0.1632,0.1804,0.1978,0.2145
0.2317,0.2486,0.2660,0.2838,0.3020,0.3202,0.3385,0.3552,0.3738,0.3921
0.4101,0.4287,0.4473,0.4667,0.4843,0.5018,0.5209,0.5391,0.5580,0.5760
0.5932,0.6109,0.6288,0.6472,0.6639,0.6806,0.6984,0.7159,0.7326,0.7485
0.7646,0.7802,0.7955,0.8106,0.8238,0.8362,0.8484,0.8594,0.8683,0.8765
0.8843,0.8910,0.8966,0.9012,0.9057,0.9095,0.9126,0.9160,0.9192,0.9227
0.9260,0.9295,0.9329,0.9362,0.9390,0.9417,0.9448,0.9475,0.9500,0.9524
0.9553,0.9579,0.9606,0.9631,0.9659,0.9683,0.9708,0.9736,0.9762,0.9780
0.9801,0.9820,0.9843,0.9862,0.9881,0.9898,0.9920,0.9941,0.9959,0.9975
0.9993,1.0000,1.0000,1.0000,1.0000,1.0000,1.0000,1.0000,
hwc2x2fract=0.0018,0.0032,0.0045,0.0062,0.0078,0.0094,0.0112,0.0130
0.0149,0.0167,0.0186,0.0202,0.0217,0.0234,0.0253,0.0269,0.0283,0.0302
0.0317,0.0332,0.0345,0.0363,0.0378,0.0394,0.0416,0.0445,0.0484,0.0540
0.0629,0.0775,0.0948,0.1133,0.1325,0.1495,0.1665,0.1840,0.2014,0.2186
0.2361,0.2542,0.2738,0.2919,0.3096,0.3270,0.3454,0.3641,0.3831,0.4017
0.4191,0.4382,0.4579,0.4764,0.4950,0.5124,0.5307,0.5493,0.5678,0.5848
0.6024,0.6198,0.6378,0.6554,0.6724,0.6887,0.7059,0.7229,0.7396,0.7545
0.7706,0.7864,0.8020,0.8157,0.8282,0.8416,0.8523,0.8622,0.8706,0.8785
0.8852,0.8910,0.8961,0.9010,0.9050,0.9092,0.9124,0.9158,0.9198,0.9238
0.9273,0.9305,0.9335,0.9366,0.9396,0.9423,0.9449,0.9483,0.9512,0.9539
0.9566,0.9594,0.9621,0.9645,0.9674,0.9699,0.9719,0.9738,0.9759,0.9776
0.9793,0.9818,0.9839,0.9860,0.9880,0.9901,0.9920,0.9937,0.9958,0.9976
0.9992,0.9999,1.0000,1.0000,1.0000,1.0000,1.0000,1.0000,
hwc2v1fract=0.0018,0.0037,0.0054,0.0072,0.0089,0.0107,0.0126,0.0141
0.0157,0.0174,0.0190,0.0205,0.0221,0.0238,0.0254,0.0269,0.0281,0.0297
0.0313,0.0328,0.0342,0.0357,0.0373,0.0390,0.0406,0.0428,0.0455,0.0495
0.0561,0.0660,0.0789,0.0947,0.1123,0.1308,0.1485,0.1662,0.1834,0.2002
0.2180,0.2353,0.2537,0.2722,0.2896,0.3063,0.3252,0.3424,0.3604,0.3776
0.3971,0.4158,0.4341,0.4530,0.4720,0.4907,0.5091,0.5273,0.5453,0.5645
0.5829,0.6013,0.6198,0.6383,0.6560,0.6732,0.6899,0.7077,0.7251,0.7428
0.7590,0.7756,0.7918,0.8072,0.8214,0.8345,0.8471,0.8590,0.8698,0.8788
0.8873,0.8940,0.9002,0.9057,0.9105,0.9148,0.9186,0.9224,0.9259,0.9284
0.9315,0.9340,0.9364,0.9394,0.9420,0.9446,0.9478,0.9502,0.9528,0.9554
0.9576,0.9601,0.9626,0.9651,0.9672,0.9692,0.9712,0.9731,0.9753,0.9775
0.9795,0.9814,0.9831,0.9855,0.9877,0.9898,0.9916,0.9933,0.9952,0.9974
0.9991,0.9998,1.0000,1.0000,1.0000,1.0000,1.0000,1.0000,
hwc2v2fract=0.0019,0.0040,0.0061,0.0077,0.0098,0.0118,0.0136,0.0154
0.0171,0.0189,0.0205,0.0220,0.0239,0.0255,0.0270,0.0287,0.0299,0.0318
0.0337,0.0353,0.0369,0.0386,0.0402,0.0419,0.0434,0.0454,0.0483,0.0527
0.0599,0.0717,0.0855,0.1009,0.1178,0.1344,0.1520,0.1694,0.1865,0.2030
0.2205,0.2376,0.2545,0.2719,0.2892,0.3066,0.3247,0.3432,0.3614,0.3798
0.3980,0.4154,0.4335,0.4525,0.4709,0.4890,0.5079,0.5266,0.5452,0.5646
0.5834,0.6020,0.6199,0.6380,0.6558,0.6737,0.6916,0.7090,0.7262,0.7427
0.7588,0.7751,0.7905,0.8060,0.8200,0.8339,0.8464,0.8582,0.8681,0.8769
0.8844,0.8910,0.8971,0.9020,0.9064,0.9102,0.9139,0.9173,0.9206,0.9238
0.9271,0.9304,0.9335,0.9368,0.9400,0.9426,0.9455,0.9484,0.9516,0.9540
0.9567,0.9588,0.9614,0.9637,0.9662,0.9684,0.9707,0.9731,0.9750,0.9770
0.9792,0.9814,0.9832,0.9855,0.9873,0.9890,0.9910,0.9930,0.9952,0.9971
0.9992,0.9998,1.0000,1.0000,1.0000,1.0000,1.0000,1.0000,
