; For HKS DC test. Adapted from sdriftmap.param
; L.Yuan 06/07/2003
;
; Lookup table for Hall C drift chamber time to distance map.
;
;number of bins in Meek's time to distance lookup table
hdriftbins=126
;number of 1st bin in Meek's table in ns
hdrift1stbin=-50
;bin size in ns of Meek's table
hdriftbinsz=2
;
hwc1u1fract=0.0001,0.0003,0.0005,0.0009,0.0013,0.0017,0.0022,0.0026
0.0031,0.0035,0.0040,0.0045,0.0050,0.0054,0.0060,0.0065,0.0070,0.0075
0.0081,0.0086,0.0091,0.0097,0.0102,0.0109,0.0122,0.0159,0.0245,0.0380
0.0556,0.0757,0.0966,0.1183,0.1406,0.1634,0.1853,0.2080,0.2300,0.2521
0.2745,0.2961,0.3177,0.3395,0.3615,0.3834,0.4057,0.4275,0.4491,0.4708
0.4921,0.5138,0.5351,0.5570,0.5784,0.6000,0.6210,0.6420,0.6631,0.6843
0.7044,0.7245,0.7445,0.7641,0.7834,0.8023,0.8211,0.8394,0.8576,0.8752
0.8915,0.9069,0.9208,0.9336,0.9446,0.9539,0.9619,0.9680,0.9731,0.9776
0.9809,0.9837,0.9861,0.9880,0.9896,0.9910,0.9924,0.9935,0.9947,0.9957
0.9965,0.9973,0.9976,0.9978,0.9979,0.9981,0.9982,0.9982,0.9983,0.9984
0.9985,0.9985,0.9986,0.9986,0.9987,0.9987,0.9988,0.9988,0.9989,0.9989
0.9990,0.9990,0.9991,0.9991,0.9992,0.9993,0.9994,0.9994,0.9995,0.9995
0.9996,0.9996,0.9997,0.9997,0.9998,0.9999,0.9999,1.0000,
hwc1u2fract=0.0001,0.0003,0.0004,0.0007,0.0011,0.0014,0.0019,0.0023
0.0028,0.0032,0.0036,0.0040,0.0044,0.0048,0.0053,0.0057,0.0063,0.0069
0.0075,0.0080,0.0085,0.0090,0.0095,0.0101,0.0112,0.0142,0.0209,0.0323
0.0482,0.0665,0.0868,0.1077,0.1293,0.1522,0.1749,0.1975,0.2203,0.2436
0.2659,0.2884,0.3111,0.3335,0.3559,0.3785,0.4004,0.4224,0.4446,0.4665
0.4887,0.5104,0.5320,0.5535,0.5748,0.5961,0.6172,0.6379,0.6584,0.6789
0.6988,0.7184,0.7380,0.7580,0.7772,0.7959,0.8148,0.8335,0.8518,0.8693
0.8868,0.9028,0.9171,0.9306,0.9420,0.9518,0.9601,0.9667,0.9721,0.9766
0.9801,0.9831,0.9855,0.9875,0.9892,0.9910,0.9924,0.9935,0.9945,0.9955
0.9964,0.9972,0.9976,0.9978,0.9981,0.9982,0.9983,0.9984,0.9985,0.9985
0.9986,0.9987,0.9987,0.9988,0.9988,0.9989,0.9990,0.9990,0.9991,0.9992
0.9992,0.9992,0.9993,0.9993,0.9994,0.9994,0.9995,0.9995,0.9996,0.9997
0.9997,0.9997,0.9998,0.9998,0.9999,0.9999,0.9999,1.0000,
hwc1x1fract=0.0001,0.0002,0.0003,0.0006,0.0009,0.0014,0.0019,0.0024
0.0028,0.0034,0.0039,0.0044,0.0048,0.0053,0.0057,0.0062,0.0066,0.0069
0.0074,0.0077,0.0081,0.0084,0.0088,0.0092,0.0100,0.0119,0.0171,0.0276
0.0424,0.0610,0.0818,0.1034,0.1260,0.1492,0.1721,0.1947,0.2174,0.2399
0.2622,0.2846,0.3063,0.3284,0.3507,0.3725,0.3947,0.4162,0.4381,0.4592
0.4810,0.5023,0.5236,0.5455,0.5667,0.5879,0.6087,0.6294,0.6504,0.6707
0.6914,0.7121,0.7317,0.7516,0.7714,0.7910,0.8100,0.8292,0.8471,0.8652
0.8827,0.8986,0.9139,0.9282,0.9409,0.9515,0.9601,0.9672,0.9728,0.9771
0.9809,0.9840,0.9863,0.9884,0.9902,0.9917,0.9932,0.9944,0.9957,0.9969
0.9982,0.9988,0.9990,0.9991,0.9992,0.9992,0.9993,0.9993,0.9993,0.9993
0.9994,0.9994,0.9994,0.9994,0.9995,0.9995,0.9995,0.9995,0.9995,0.9996
0.9996,0.9996,0.9997,0.9997,0.9997,0.9998,0.9998,0.9998,0.9998,0.9998
0.9999,0.9999,0.9999,0.9999,0.9999,0.9999,1.0000,1.0000,
hwc1x2fract=0.0001,0.0002,0.0005,0.0008,0.0011,0.0016,0.0020,0.0026
0.0031,0.0037,0.0041,0.0047,0.0051,0.0056,0.0060,0.0064,0.0068,0.0072
0.0075,0.0079,0.0083,0.0085,0.0089,0.0093,0.0102,0.0127,0.0188,0.0300
0.0465,0.0658,0.0868,0.1085,0.1310,0.1537,0.1766,0.2001,0.2227,0.2449
0.2674,0.2896,0.3116,0.3339,0.3557,0.3778,0.3993,0.4207,0.4431,0.4652
0.4867,0.5082,0.5294,0.5509,0.5722,0.5932,0.6140,0.6349,0.6552,0.6757
0.6966,0.7167,0.7363,0.7564,0.7762,0.7953,0.8143,0.8331,0.8517,0.8696
0.8871,0.9035,0.9183,0.9321,0.9437,0.9541,0.9621,0.9689,0.9742,0.9786
0.9821,0.9848,0.9871,0.9893,0.9910,0.9925,0.9939,0.9951,0.9962,0.9972
0.9983,0.9988,0.9989,0.9991,0.9992,0.9992,0.9993,0.9993,0.9994,0.9994
0.9994,0.9994,0.9995,0.9995,0.9995,0.9995,0.9995,0.9996,0.9996,0.9996
0.9996,0.9996,0.9997,0.9997,0.9997,0.9997,0.9997,0.9998,0.9998,0.9998
0.9998,0.9999,0.9999,0.9999,0.9999,0.9999,1.0000,1.0000,
hwc1v1fract=0.0001,0.0002,0.0004,0.0007,0.0011,0.0015,0.0019,0.0023
0.0028,0.0032,0.0038,0.0042,0.0046,0.0052,0.0057,0.0062,0.0067,0.0072
0.0077,0.0082,0.0088,0.0092,0.0098,0.0102,0.0109,0.0125,0.0166,0.0248
0.0386,0.0555,0.0750,0.0957,0.1167,0.1390,0.1608,0.1838,0.2064,0.2292
0.2519,0.2737,0.2963,0.3186,0.3406,0.3623,0.3838,0.4055,0.4267,0.4487
0.4706,0.4924,0.5136,0.5352,0.5567,0.5786,0.6003,0.6214,0.6424,0.6632
0.6832,0.7038,0.7236,0.7433,0.7630,0.7822,0.8014,0.8202,0.8384,0.8562
0.8739,0.8906,0.9061,0.9202,0.9331,0.9442,0.9539,0.9616,0.9681,0.9732
0.9773,0.9806,0.9834,0.9857,0.9878,0.9897,0.9914,0.9927,0.9940,0.9951
0.9961,0.9968,0.9973,0.9975,0.9978,0.9980,0.9981,0.9982,0.9983,0.9984
0.9985,0.9986,0.9986,0.9987,0.9988,0.9988,0.9989,0.9989,0.9990,0.9991
0.9991,0.9992,0.9992,0.9993,0.9993,0.9994,0.9995,0.9995,0.9995,0.9996
0.9996,0.9997,0.9997,0.9998,0.9999,0.9999,1.0000,1.0000,
hwc1v2fract=0.0001,0.0003,0.0005,0.0008,0.0011,0.0015,0.0019,0.0023
0.0028,0.0032,0.0037,0.0042,0.0046,0.0050,0.0055,0.0060,0.0064,0.0069
0.0074,0.0079,0.0084,0.0090,0.0095,0.0101,0.0112,0.0135,0.0194,0.0299
0.0448,0.0631,0.0834,0.1046,0.1264,0.1487,0.1716,0.1943,0.2169,0.2397
0.2620,0.2836,0.3066,0.3283,0.3505,0.3724,0.3942,0.4167,0.4389,0.4614
0.4832,0.5051,0.5264,0.5478,0.5692,0.5902,0.6114,0.6317,0.6525,0.6731
0.6931,0.7131,0.7328,0.7520,0.7711,0.7902,0.8089,0.8274,0.8456,0.8632
0.8805,0.8965,0.9115,0.9252,0.9376,0.9486,0.9571,0.9643,0.9703,0.9751
0.9789,0.9821,0.9849,0.9871,0.9889,0.9906,0.9919,0.9931,0.9942,0.9952
0.9960,0.9968,0.9973,0.9975,0.9977,0.9979,0.9980,0.9981,0.9982,0.9983
0.9984,0.9984,0.9985,0.9986,0.9986,0.9987,0.9987,0.9988,0.9988,0.9989
0.9989,0.9990,0.9991,0.9992,0.9992,0.9993,0.9993,0.9994,0.9995,0.9995
0.9996,0.9996,0.9997,0.9997,0.9998,0.9998,1.0000,1.0000,
hwc2u1fract=0.0001,0.0001,0.0001,0.0002,0.0002,0.0002,0.0003,0.0003
0.0004,0.0004,0.0004,0.0005,0.0005,0.0006,0.0006,0.0006,0.0006,0.0007
0.0007,0.0007,0.0008,0.0008,0.0009,0.0011,0.0016,0.0031,0.0072,0.0164
0.0311,0.0487,0.0687,0.0905,0.1125,0.1356,0.1585,0.1811,0.2036,0.2257
0.2478,0.2700,0.2916,0.3137,0.3356,0.3573,0.3787,0.4007,0.4227,0.4445
0.4669,0.4883,0.5100,0.5317,0.5535,0.5745,0.5959,0.6171,0.6386,0.6594
0.6806,0.7012,0.7213,0.7411,0.7613,0.7811,0.8006,0.8197,0.8388,0.8574
0.8751,0.8921,0.9084,0.9239,0.9373,0.9487,0.9581,0.9659,0.9722,0.9772
0.9808,0.9839,0.9865,0.9886,0.9904,0.9920,0.9934,0.9947,0.9957,0.9966
0.9975,0.9984,0.9987,0.9988,0.9990,0.9991,0.9992,0.9992,0.9993,0.9993
0.9994,0.9994,0.9994,0.9994,0.9994,0.9994,0.9995,0.9995,0.9995,0.9995
0.9995,0.9996,0.9996,0.9996,0.9997,0.9997,0.9997,0.9997,0.9998,0.9998
0.9998,0.9998,0.9999,0.9999,0.9999,0.9999,1.0000,1.0000,
hwc2u2fract=0.0001,0.0001,0.0001,0.0001,0.0002,0.0002,0.0003,0.0003
0.0003,0.0004,0.0004,0.0005,0.0005,0.0005,0.0006,0.0006,0.0007,0.0007
0.0008,0.0008,0.0009,0.0010,0.0011,0.0012,0.0017,0.0027,0.0057,0.0136
0.0264,0.0432,0.0625,0.0839,0.1057,0.1278,0.1505,0.1735,0.1959,0.2184
0.2408,0.2630,0.2855,0.3078,0.3293,0.3519,0.3739,0.3961,0.4182,0.4403
0.4621,0.4837,0.5058,0.5277,0.5497,0.5713,0.5931,0.6139,0.6346,0.6554
0.6761,0.6969,0.7170,0.7370,0.7570,0.7770,0.7967,0.8161,0.8350,0.8537
0.8720,0.8895,0.9055,0.9208,0.9345,0.9460,0.9560,0.9639,0.9701,0.9754
0.9794,0.9826,0.9855,0.9879,0.9897,0.9913,0.9927,0.9941,0.9952,0.9962
0.9972,0.9980,0.9984,0.9987,0.9988,0.9990,0.9991,0.9991,0.9992,0.9992
0.9993,0.9993,0.9993,0.9993,0.9993,0.9994,0.9994,0.9994,0.9995,0.9995
0.9995,0.9995,0.9996,0.9996,0.9997,0.9997,0.9997,0.9998,0.9998,0.9998
0.9998,0.9998,0.9998,0.9999,0.9999,0.9999,1.0000,1.0000,
hwc2x1fract=0.0000,0.0000,0.0000,0.0001,0.0001,0.0001,0.0001,0.0001
0.0001,0.0002,0.0002,0.0002,0.0002,0.0002,0.0002,0.0003,0.0003,0.0003
0.0003,0.0003,0.0003,0.0004,0.0004,0.0006,0.0010,0.0024,0.0062,0.0151
0.0296,0.0484,0.0691,0.0916,0.1141,0.1369,0.1597,0.1824,0.2051,0.2272
0.2496,0.2717,0.2942,0.3160,0.3376,0.3598,0.3822,0.4040,0.4259,0.4479
0.4693,0.4910,0.5128,0.5346,0.5562,0.5776,0.5993,0.6205,0.6414,0.6626
0.6832,0.7034,0.7234,0.7436,0.7635,0.7833,0.8025,0.8215,0.8402,0.8585
0.8762,0.8931,0.9091,0.9235,0.9368,0.9487,0.9583,0.9662,0.9722,0.9771
0.9808,0.9840,0.9865,0.9885,0.9902,0.9919,0.9932,0.9944,0.9956,0.9966
0.9977,0.9985,0.9987,0.9989,0.9989,0.9991,0.9992,0.9993,0.9993,0.9994
0.9995,0.9995,0.9995,0.9996,0.9996,0.9996,0.9997,0.9997,0.9997,0.9997
0.9997,0.9997,0.9998,0.9998,0.9998,0.9998,0.9998,0.9998,0.9998,0.9999
0.9999,0.9999,0.9999,0.9999,1.0000,1.0000,1.0000,1.0000,
hwc2x2fract=0.0000,0.0000,0.0001,0.0001,0.0001,0.0001,0.0002,0.0002
0.0002,0.0002,0.0002,0.0002,0.0002,0.0003,0.0003,0.0003,0.0003,0.0003
0.0004,0.0004,0.0004,0.0004,0.0005,0.0007,0.0012,0.0026,0.0068,0.0168
0.0320,0.0508,0.0721,0.0942,0.1167,0.1394,0.1622,0.1846,0.2062,0.2281
0.2501,0.2722,0.2943,0.3160,0.3378,0.3596,0.3815,0.4032,0.4253,0.4472
0.4689,0.4912,0.5127,0.5338,0.5554,0.5770,0.5983,0.6193,0.6401,0.6609
0.6821,0.7026,0.7233,0.7436,0.7630,0.7831,0.8025,0.8214,0.8397,0.8577
0.8759,0.8931,0.9096,0.9242,0.9376,0.9488,0.9583,0.9659,0.9722,0.9772
0.9811,0.9842,0.9869,0.9891,0.9910,0.9925,0.9939,0.9952,0.9964,0.9974
0.9984,0.9991,0.9992,0.9993,0.9994,0.9994,0.9995,0.9995,0.9995,0.9995
0.9995,0.9996,0.9996,0.9996,0.9996,0.9996,0.9997,0.9997,0.9997,0.9997
0.9997,0.9997,0.9997,0.9998,0.9998,0.9998,0.9998,0.9998,0.9998,0.9999
0.9999,0.9999,0.9999,0.9999,0.9999,1.0000,1.0000,1.0000,
hwc2v1fract=0.0000,0.0001,0.0001,0.0002,0.0002,0.0002,0.0003,0.0003
0.0004,0.0004,0.0004,0.0005,0.0005,0.0005,0.0006,0.0006,0.0007,0.0008
0.0008,0.0008,0.0008,0.0009,0.0010,0.0012,0.0017,0.0035,0.0084,0.0190
0.0342,0.0527,0.0735,0.0949,0.1167,0.1392,0.1614,0.1840,0.2065,0.2287
0.2505,0.2724,0.2938,0.3159,0.3383,0.3599,0.3818,0.4037,0.4256,0.4473
0.4697,0.4913,0.5129,0.5348,0.5569,0.5780,0.5992,0.6209,0.6422,0.6631
0.6839,0.7040,0.7242,0.7439,0.7632,0.7828,0.8023,0.8213,0.8395,0.8574
0.8749,0.8916,0.9073,0.9219,0.9349,0.9464,0.9560,0.9640,0.9703,0.9755
0.9798,0.9831,0.9857,0.9882,0.9901,0.9916,0.9931,0.9944,0.9954,0.9963
0.9973,0.9980,0.9984,0.9986,0.9988,0.9990,0.9991,0.9991,0.9992,0.9993
0.9993,0.9993,0.9994,0.9994,0.9994,0.9994,0.9994,0.9995,0.9995,0.9995
0.9995,0.9996,0.9996,0.9996,0.9997,0.9997,0.9997,0.9997,0.9997,0.9997
0.9998,0.9998,0.9999,0.9999,0.9999,0.9999,1.0000,1.0000,
hwc2v2fract=0.0000,0.0001,0.0001,0.0002,0.0002,0.0002,0.0002,0.0003
0.0003,0.0004,0.0004,0.0004,0.0005,0.0006,0.0006,0.0006,0.0006,0.0007
0.0007,0.0008,0.0008,0.0009,0.0010,0.0013,0.0018,0.0037,0.0096,0.0211
0.0375,0.0567,0.0775,0.0993,0.1221,0.1446,0.1670,0.1892,0.2115,0.2334
0.2550,0.2777,0.2997,0.3218,0.3436,0.3655,0.3876,0.4098,0.4317,0.4539
0.4756,0.4977,0.5200,0.5411,0.5627,0.5839,0.6051,0.6263,0.6472,0.6674
0.6881,0.7080,0.7277,0.7474,0.7672,0.7861,0.8056,0.8237,0.8420,0.8595
0.8770,0.8936,0.9095,0.9237,0.9366,0.9479,0.9574,0.9651,0.9712,0.9759
0.9800,0.9832,0.9859,0.9880,0.9898,0.9915,0.9930,0.9942,0.9953,0.9963
0.9972,0.9981,0.9986,0.9988,0.9989,0.9990,0.9992,0.9992,0.9992,0.9993
0.9993,0.9993,0.9994,0.9994,0.9994,0.9994,0.9995,0.9995,0.9995,0.9996
0.9996,0.9996,0.9996,0.9996,0.9996,0.9997,0.9997,0.9997,0.9998,0.9998
0.9998,0.9998,0.9999,0.9999,0.9999,1.0000,1.0000,1.0000,
