; For HKS DC test. Adapted from sdriftmap.param
; L.Yuan 06/07/2003
;
; Lookup table for Hall C drift chamber time to distance map.
;
;number of bins in Meek's time to distance lookup table
hdriftbins=126
;number of 1st bin in Meek's table in ns
hdrift1stbin=-50
;bin size in ns of Meek's table
hdriftbinsz=2
;
hwc1u1fract=0.0001,0.0003,0.0005,0.0008,0.0012,0.0017,0.0021,0.0026
0.0031,0.0036,0.0041,0.0046,0.0052,0.0058,0.0063,0.0068,0.0074,0.0079
0.0084,0.0090,0.0095,0.0101,0.0106,0.0113,0.0125,0.0158,0.0229,0.0349
0.0511,0.0702,0.0910,0.1124,0.1343,0.1568,0.1796,0.2022,0.2251,0.2479
0.2705,0.2932,0.3158,0.3382,0.3609,0.3831,0.4050,0.4269,0.4494,0.4712
0.4928,0.5146,0.5360,0.5574,0.5788,0.5999,0.6210,0.6418,0.6627,0.6832
0.7032,0.7228,0.7425,0.7616,0.7808,0.7996,0.8183,0.8366,0.8547,0.8723
0.8887,0.9043,0.9189,0.9316,0.9428,0.9524,0.9604,0.9670,0.9722,0.9763
0.9797,0.9826,0.9851,0.9872,0.9889,0.9905,0.9918,0.9928,0.9939,0.9949
0.9958,0.9965,0.9969,0.9972,0.9974,0.9975,0.9977,0.9978,0.9978,0.9979
0.9980,0.9981,0.9982,0.9982,0.9983,0.9983,0.9984,0.9985,0.9986,0.9986
0.9987,0.9988,0.9989,0.9990,0.9990,0.9991,0.9992,0.9993,0.9993,0.9994
0.9995,0.9996,0.9996,0.9997,0.9998,0.9999,0.9999,1.0000,
hwc1u2fract=0.0001,0.0003,0.0005,0.0007,0.0011,0.0014,0.0019,0.0024
0.0028,0.0033,0.0039,0.0045,0.0049,0.0054,0.0060,0.0065,0.0070,0.0077
0.0081,0.0087,0.0092,0.0098,0.0103,0.0109,0.0121,0.0147,0.0205,0.0308
0.0454,0.0632,0.0829,0.1036,0.1255,0.1480,0.1704,0.1932,0.2163,0.2388
0.2611,0.2842,0.3066,0.3287,0.3509,0.3727,0.3947,0.4167,0.4392,0.4614
0.4833,0.5047,0.5267,0.5487,0.5701,0.5909,0.6123,0.6335,0.6543,0.6749
0.6952,0.7155,0.7355,0.7552,0.7744,0.7934,0.8124,0.8314,0.8502,0.8677
0.8848,0.9006,0.9153,0.9284,0.9401,0.9500,0.9581,0.9650,0.9706,0.9752
0.9787,0.9818,0.9843,0.9865,0.9884,0.9899,0.9913,0.9926,0.9937,0.9947
0.9956,0.9964,0.9969,0.9971,0.9973,0.9975,0.9976,0.9977,0.9978,0.9979
0.9980,0.9981,0.9981,0.9982,0.9983,0.9984,0.9985,0.9986,0.9986,0.9987
0.9988,0.9989,0.9989,0.9990,0.9990,0.9991,0.9992,0.9993,0.9993,0.9994
0.9995,0.9996,0.9996,0.9997,0.9998,0.9999,0.9999,1.0000,
hwc1x1fract=0.0001,0.0001,0.0003,0.0006,0.0009,0.0014,0.0019,0.0025
0.0030,0.0036,0.0042,0.0048,0.0053,0.0058,0.0062,0.0067,0.0072,0.0076
0.0081,0.0086,0.0090,0.0093,0.0098,0.0101,0.0108,0.0126,0.0174,0.0268
0.0408,0.0591,0.0791,0.1009,0.1236,0.1464,0.1693,0.1920,0.2147,0.2370
0.2596,0.2818,0.3043,0.3267,0.3491,0.3711,0.3935,0.4156,0.4370,0.4588
0.4806,0.5019,0.5236,0.5449,0.5665,0.5878,0.6089,0.6297,0.6502,0.6707
0.6911,0.7112,0.7313,0.7510,0.7710,0.7907,0.8102,0.8289,0.8473,0.8652
0.8821,0.8983,0.9137,0.9278,0.9401,0.9507,0.9595,0.9668,0.9724,0.9770
0.9807,0.9837,0.9864,0.9884,0.9903,0.9918,0.9932,0.9944,0.9956,0.9968
0.9979,0.9986,0.9987,0.9989,0.9990,0.9991,0.9991,0.9992,0.9992,0.9993
0.9993,0.9993,0.9994,0.9994,0.9994,0.9994,0.9995,0.9995,0.9995,0.9996
0.9996,0.9996,0.9997,0.9997,0.9997,0.9997,0.9998,0.9998,0.9998,0.9998
0.9998,0.9999,0.9999,0.9999,0.9999,0.9999,1.0000,1.0000,
hwc1x2fract=0.0001,0.0002,0.0003,0.0006,0.0009,0.0014,0.0019,0.0025
0.0031,0.0035,0.0041,0.0046,0.0051,0.0056,0.0061,0.0066,0.0071,0.0075
0.0079,0.0083,0.0087,0.0091,0.0095,0.0099,0.0107,0.0132,0.0190,0.0298
0.0452,0.0641,0.0847,0.1066,0.1287,0.1510,0.1741,0.1964,0.2200,0.2430
0.2659,0.2883,0.3107,0.3332,0.3553,0.3775,0.3996,0.4217,0.4434,0.4654
0.4871,0.5087,0.5303,0.5513,0.5727,0.5939,0.6147,0.6358,0.6563,0.6769
0.6971,0.7170,0.7364,0.7559,0.7753,0.7947,0.8141,0.8332,0.8520,0.8696
0.8866,0.9025,0.9177,0.9311,0.9431,0.9530,0.9615,0.9682,0.9738,0.9780
0.9815,0.9843,0.9868,0.9888,0.9905,0.9921,0.9934,0.9946,0.9959,0.9970
0.9980,0.9986,0.9987,0.9988,0.9989,0.9989,0.9990,0.9990,0.9991,0.9991
0.9991,0.9992,0.9992,0.9992,0.9993,0.9993,0.9993,0.9993,0.9994,0.9994
0.9994,0.9995,0.9995,0.9995,0.9996,0.9996,0.9996,0.9997,0.9997,0.9997
0.9998,0.9998,0.9998,0.9999,0.9999,0.9999,1.0000,1.0000,
hwc1v1fract=0.0001,0.0002,0.0004,0.0006,0.0009,0.0013,0.0018,0.0023
0.0027,0.0032,0.0038,0.0043,0.0048,0.0053,0.0059,0.0064,0.0070,0.0076
0.0082,0.0087,0.0093,0.0099,0.0105,0.0110,0.0118,0.0134,0.0172,0.0252
0.0379,0.0543,0.0732,0.0940,0.1156,0.1378,0.1602,0.1824,0.2053,0.2282
0.2504,0.2733,0.2958,0.3185,0.3411,0.3632,0.3849,0.4075,0.4298,0.4517
0.4732,0.4951,0.5164,0.5381,0.5593,0.5804,0.6017,0.6229,0.6436,0.6643
0.6840,0.7040,0.7237,0.7434,0.7629,0.7820,0.8011,0.8198,0.8382,0.8563
0.8740,0.8907,0.9060,0.9202,0.9330,0.9437,0.9531,0.9610,0.9675,0.9727
0.9770,0.9804,0.9833,0.9856,0.9877,0.9894,0.9908,0.9922,0.9934,0.9946
0.9955,0.9964,0.9969,0.9972,0.9974,0.9976,0.9977,0.9979,0.9979,0.9980
0.9981,0.9982,0.9982,0.9983,0.9984,0.9985,0.9986,0.9986,0.9987,0.9987
0.9988,0.9989,0.9989,0.9990,0.9991,0.9991,0.9992,0.9993,0.9993,0.9994
0.9995,0.9995,0.9996,0.9997,0.9998,0.9999,1.0000,1.0000,
hwc1v2fract=0.0001,0.0002,0.0004,0.0006,0.0009,0.0012,0.0017,0.0021
0.0025,0.0030,0.0035,0.0040,0.0045,0.0051,0.0056,0.0061,0.0067,0.0071
0.0078,0.0084,0.0089,0.0094,0.0099,0.0105,0.0116,0.0138,0.0192,0.0286
0.0427,0.0599,0.0794,0.1000,0.1213,0.1431,0.1660,0.1888,0.2116,0.2347
0.2574,0.2793,0.3018,0.3246,0.3473,0.3696,0.3918,0.4140,0.4364,0.4581
0.4798,0.5016,0.5234,0.5440,0.5654,0.5867,0.6079,0.6287,0.6491,0.6698
0.6900,0.7100,0.7298,0.7498,0.7692,0.7886,0.8075,0.8259,0.8444,0.8622
0.8796,0.8962,0.9114,0.9245,0.9363,0.9469,0.9556,0.9629,0.9688,0.9737
0.9778,0.9810,0.9837,0.9859,0.9879,0.9896,0.9910,0.9924,0.9936,0.9946
0.9955,0.9963,0.9967,0.9970,0.9972,0.9974,0.9975,0.9976,0.9977,0.9978
0.9979,0.9980,0.9981,0.9982,0.9983,0.9983,0.9984,0.9985,0.9986,0.9987
0.9987,0.9988,0.9989,0.9989,0.9990,0.9990,0.9991,0.9992,0.9993,0.9994
0.9994,0.9995,0.9996,0.9997,0.9998,0.9999,0.9999,1.0000,
hwc2u1fract=0.0000,0.0001,0.0001,0.0001,0.0002,0.0002,0.0002,0.0003
0.0004,0.0004,0.0005,0.0006,0.0006,0.0006,0.0007,0.0007,0.0008,0.0008
0.0009,0.0009,0.0010,0.0011,0.0012,0.0013,0.0018,0.0032,0.0074,0.0166
0.0304,0.0481,0.0678,0.0893,0.1114,0.1338,0.1563,0.1794,0.2022,0.2248
0.2475,0.2702,0.2923,0.3145,0.3365,0.3590,0.3816,0.4038,0.4261,0.4474
0.4696,0.4923,0.5145,0.5363,0.5573,0.5791,0.6004,0.6217,0.6429,0.6647
0.6855,0.7061,0.7264,0.7463,0.7655,0.7851,0.8044,0.8236,0.8426,0.8608
0.8786,0.8953,0.9110,0.9253,0.9381,0.9487,0.9581,0.9656,0.9719,0.9769
0.9807,0.9839,0.9865,0.9887,0.9905,0.9921,0.9934,0.9946,0.9958,0.9968
0.9975,0.9983,0.9987,0.9988,0.9989,0.9990,0.9991,0.9991,0.9992,0.9992
0.9993,0.9993,0.9993,0.9994,0.9994,0.9994,0.9994,0.9994,0.9995,0.9995
0.9995,0.9995,0.9995,0.9996,0.9996,0.9996,0.9997,0.9997,0.9997,0.9998
0.9998,0.9998,0.9999,0.9999,0.9999,1.0000,1.0000,1.0000,
hwc2u2fract=0.0000,0.0001,0.0001,0.0002,0.0002,0.0003,0.0003,0.0004
0.0004,0.0005,0.0005,0.0005,0.0006,0.0006,0.0006,0.0007,0.0007,0.0008
0.0008,0.0008,0.0009,0.0009,0.0010,0.0012,0.0015,0.0026,0.0056,0.0123
0.0239,0.0392,0.0576,0.0781,0.0993,0.1216,0.1440,0.1669,0.1896,0.2123
0.2352,0.2581,0.2806,0.3030,0.3258,0.3482,0.3709,0.3936,0.4164,0.4385
0.4604,0.4827,0.5055,0.5274,0.5492,0.5711,0.5923,0.6142,0.6350,0.6560
0.6769,0.6978,0.7180,0.7380,0.7580,0.7776,0.7974,0.8170,0.8358,0.8539
0.8723,0.8897,0.9056,0.9205,0.9334,0.9450,0.9548,0.9628,0.9691,0.9743
0.9786,0.9822,0.9850,0.9873,0.9892,0.9910,0.9925,0.9939,0.9950,0.9961
0.9970,0.9979,0.9983,0.9986,0.9988,0.9990,0.9990,0.9992,0.9992,0.9993
0.9993,0.9993,0.9994,0.9994,0.9994,0.9994,0.9994,0.9995,0.9995,0.9995
0.9995,0.9996,0.9996,0.9996,0.9996,0.9996,0.9997,0.9997,0.9997,0.9998
0.9998,0.9998,0.9999,0.9999,0.9999,0.9999,1.0000,1.0000,
hwc2x1fract=0.0000,0.0000,0.0001,0.0001,0.0001,0.0001,0.0001,0.0001
0.0002,0.0002,0.0002,0.0002,0.0002,0.0002,0.0002,0.0003,0.0003,0.0003
0.0003,0.0003,0.0004,0.0004,0.0005,0.0007,0.0011,0.0023,0.0062,0.0143
0.0276,0.0449,0.0648,0.0862,0.1085,0.1311,0.1538,0.1767,0.1998,0.2222
0.2449,0.2673,0.2892,0.3116,0.3340,0.3557,0.3779,0.3999,0.4220,0.4446
0.4665,0.4885,0.5104,0.5320,0.5535,0.5752,0.5968,0.6183,0.6399,0.6607
0.6817,0.7024,0.7224,0.7426,0.7626,0.7821,0.8017,0.8204,0.8395,0.8579
0.8756,0.8928,0.9089,0.9236,0.9366,0.9480,0.9574,0.9648,0.9711,0.9762
0.9801,0.9834,0.9860,0.9883,0.9902,0.9918,0.9933,0.9947,0.9960,0.9971
0.9980,0.9987,0.9989,0.9991,0.9992,0.9993,0.9994,0.9994,0.9995,0.9995
0.9996,0.9996,0.9996,0.9996,0.9997,0.9997,0.9997,0.9997,0.9997,0.9998
0.9998,0.9998,0.9998,0.9998,0.9998,0.9999,0.9999,0.9999,0.9999,0.9999
0.9999,0.9999,0.9999,1.0000,1.0000,1.0000,1.0000,1.0000,
hwc2x2fract=0.0000,0.0000,0.0000,0.0001,0.0001,0.0001,0.0001,0.0001
0.0002,0.0002,0.0002,0.0003,0.0003,0.0003,0.0003,0.0003,0.0004,0.0004
0.0004,0.0004,0.0005,0.0005,0.0005,0.0007,0.0011,0.0027,0.0074,0.0172
0.0317,0.0507,0.0718,0.0940,0.1166,0.1398,0.1625,0.1853,0.2079,0.2307
0.2530,0.2749,0.2968,0.3189,0.3413,0.3629,0.3847,0.4070,0.4289,0.4508
0.4727,0.4946,0.5168,0.5388,0.5601,0.5815,0.6028,0.6236,0.6446,0.6653
0.6860,0.7065,0.7267,0.7465,0.7664,0.7858,0.8051,0.8242,0.8433,0.8615
0.8798,0.8966,0.9123,0.9269,0.9401,0.9508,0.9598,0.9675,0.9735,0.9781
0.9819,0.9848,0.9872,0.9892,0.9911,0.9928,0.9942,0.9955,0.9966,0.9977
0.9986,0.9992,0.9994,0.9994,0.9995,0.9996,0.9996,0.9997,0.9997,0.9997
0.9997,0.9997,0.9997,0.9997,0.9997,0.9998,0.9998,0.9998,0.9998,0.9998
0.9998,0.9998,0.9998,0.9999,0.9999,0.9999,0.9999,0.9999,0.9999,0.9999
0.9999,0.9999,0.9999,0.9999,1.0000,1.0000,1.0000,1.0000,
hwc2v1fract=0.0000,0.0001,0.0002,0.0002,0.0002,0.0003,0.0003,0.0003
0.0004,0.0004,0.0004,0.0005,0.0005,0.0006,0.0006,0.0007,0.0007,0.0007
0.0008,0.0008,0.0009,0.0009,0.0010,0.0013,0.0018,0.0036,0.0087,0.0188
0.0336,0.0517,0.0721,0.0934,0.1155,0.1384,0.1609,0.1841,0.2070,0.2292
0.2515,0.2740,0.2965,0.3186,0.3407,0.3627,0.3844,0.4069,0.4293,0.4515
0.4733,0.4953,0.5173,0.5392,0.5607,0.5817,0.6033,0.6245,0.6455,0.6665
0.6868,0.7075,0.7274,0.7469,0.7666,0.7864,0.8054,0.8242,0.8432,0.8609
0.8783,0.8950,0.9105,0.9245,0.9373,0.9482,0.9574,0.9647,0.9709,0.9760
0.9799,0.9832,0.9860,0.9883,0.9901,0.9917,0.9932,0.9944,0.9956,0.9966
0.9974,0.9982,0.9986,0.9988,0.9990,0.9991,0.9991,0.9992,0.9993,0.9993
0.9993,0.9994,0.9994,0.9994,0.9994,0.9995,0.9995,0.9995,0.9995,0.9996
0.9996,0.9996,0.9996,0.9997,0.9997,0.9997,0.9997,0.9998,0.9998,0.9998
0.9998,0.9999,0.9999,0.9999,0.9999,0.9999,1.0000,1.0000,
hwc2v2fract=0.0000,0.0001,0.0001,0.0002,0.0002,0.0002,0.0003,0.0003
0.0004,0.0004,0.0004,0.0004,0.0005,0.0005,0.0006,0.0006,0.0007,0.0007
0.0008,0.0008,0.0008,0.0009,0.0011,0.0013,0.0021,0.0043,0.0106,0.0218
0.0384,0.0578,0.0789,0.1009,0.1230,0.1456,0.1682,0.1910,0.2133,0.2356
0.2580,0.2799,0.3020,0.3234,0.3457,0.3677,0.3902,0.4123,0.4345,0.4565
0.4787,0.5005,0.5220,0.5432,0.5652,0.5863,0.6078,0.6289,0.6497,0.6704
0.6907,0.7108,0.7308,0.7507,0.7702,0.7898,0.8086,0.8275,0.8458,0.8636
0.8810,0.8975,0.9126,0.9267,0.9392,0.9499,0.9589,0.9662,0.9720,0.9770
0.9807,0.9836,0.9862,0.9883,0.9902,0.9918,0.9931,0.9942,0.9954,0.9964
0.9973,0.9982,0.9986,0.9988,0.9989,0.9990,0.9991,0.9991,0.9992,0.9992
0.9993,0.9993,0.9993,0.9993,0.9993,0.9994,0.9994,0.9994,0.9995,0.9995
0.9995,0.9995,0.9996,0.9996,0.9996,0.9997,0.9997,0.9998,0.9998,0.9998
0.9998,0.9999,0.9999,0.9999,0.9999,0.9999,1.0000,1.0000,
