; For HKS DC test. Adapted from sdriftmap.param
; L.Yuan 06/07/2003
;
; Lookup table for Hall C drift chamber time to distance map.
;
;number of bins in Meek's time to distance lookup table
hdriftbins=126
;number of 1st bin in Meek's table in ns
hdrift1stbin=-50
;bin size in ns of Meek's table
hdriftbinsz=2
;
hwc1u1fract=0.0001,0.0002,0.0003,0.0005,0.0007,0.0011,0.0015,0.0018
0.0022,0.0026,0.0032,0.0036,0.0042,0.0047,0.0051,0.0058,0.0063,0.0069
0.0074,0.0080,0.0086,0.0091,0.0096,0.0102,0.0113,0.0132,0.0184,0.0276
0.0396,0.0540,0.0716,0.0912,0.1125,0.1353,0.1582,0.1816,0.2043,0.2285
0.2517,0.2749,0.2985,0.3227,0.3450,0.3675,0.3901,0.4134,0.4363,0.4591
0.4815,0.5043,0.5254,0.5478,0.5697,0.5910,0.6121,0.6329,0.6534,0.6737
0.6937,0.7141,0.7338,0.7532,0.7729,0.7914,0.8100,0.8288,0.8464,0.8632
0.8802,0.8963,0.9107,0.9232,0.9355,0.9459,0.9543,0.9614,0.9672,0.9720
0.9759,0.9793,0.9824,0.9849,0.9871,0.9891,0.9908,0.9921,0.9932,0.9942
0.9953,0.9963,0.9968,0.9973,0.9976,0.9978,0.9980,0.9981,0.9982,0.9983
0.9984,0.9985,0.9985,0.9986,0.9987,0.9988,0.9988,0.9989,0.9989,0.9990
0.9991,0.9991,0.9992,0.9993,0.9993,0.9994,0.9994,0.9995,0.9995,0.9995
0.9995,0.9996,0.9997,0.9997,0.9998,0.9999,0.9999,1.0000,
hwc1u2fract=0.0001,0.0002,0.0003,0.0004,0.0006,0.0010,0.0014,0.0017
0.0022,0.0025,0.0030,0.0034,0.0038,0.0042,0.0048,0.0054,0.0060,0.0065
0.0071,0.0076,0.0082,0.0087,0.0091,0.0095,0.0102,0.0119,0.0161,0.0239
0.0346,0.0480,0.0641,0.0818,0.1009,0.1219,0.1443,0.1675,0.1907,0.2150
0.2397,0.2626,0.2876,0.3111,0.3346,0.3584,0.3818,0.4047,0.4271,0.4499
0.4717,0.4942,0.5161,0.5378,0.5596,0.5814,0.6026,0.6232,0.6434,0.6640
0.6842,0.7044,0.7242,0.7444,0.7631,0.7820,0.8009,0.8199,0.8379,0.8565
0.8741,0.8899,0.9056,0.9197,0.9321,0.9426,0.9517,0.9588,0.9647,0.9700
0.9743,0.9781,0.9813,0.9837,0.9859,0.9878,0.9893,0.9908,0.9922,0.9935
0.9948,0.9958,0.9965,0.9969,0.9973,0.9977,0.9979,0.9981,0.9982,0.9983
0.9984,0.9985,0.9986,0.9986,0.9987,0.9988,0.9989,0.9990,0.9990,0.9991
0.9991,0.9992,0.9993,0.9994,0.9994,0.9995,0.9996,0.9996,0.9996,0.9997
0.9997,0.9998,0.9998,0.9999,0.9999,0.9999,0.9999,1.0000,
hwc1x1fract=0.0000,0.0001,0.0002,0.0004,0.0007,0.0011,0.0014,0.0018
0.0022,0.0028,0.0036,0.0042,0.0047,0.0052,0.0057,0.0062,0.0067,0.0070
0.0073,0.0077,0.0081,0.0084,0.0086,0.0089,0.0093,0.0104,0.0133,0.0190
0.0285,0.0412,0.0568,0.0749,0.0950,0.1159,0.1385,0.1620,0.1860,0.2090
0.2321,0.2562,0.2802,0.3040,0.3279,0.3514,0.3737,0.3960,0.4187,0.4414
0.4637,0.4859,0.5076,0.5290,0.5508,0.5725,0.5935,0.6149,0.6358,0.6572
0.6776,0.6984,0.7190,0.7388,0.7580,0.7780,0.7979,0.8164,0.8346,0.8534
0.8698,0.8863,0.9021,0.9163,0.9291,0.9406,0.9505,0.9583,0.9653,0.9710
0.9754,0.9793,0.9825,0.9851,0.9876,0.9897,0.9917,0.9933,0.9946,0.9959
0.9969,0.9978,0.9982,0.9984,0.9986,0.9988,0.9989,0.9990,0.9991,0.9992
0.9992,0.9992,0.9992,0.9992,0.9992,0.9993,0.9993,0.9993,0.9994,0.9994
0.9994,0.9995,0.9995,0.9995,0.9995,0.9996,0.9996,0.9996,0.9997,0.9997
0.9997,0.9998,0.9998,0.9999,0.9999,0.9999,1.0000,1.0000,
hwc1x2fract=0.0001,0.0002,0.0003,0.0006,0.0008,0.0011,0.0014,0.0019
0.0023,0.0028,0.0033,0.0038,0.0043,0.0047,0.0053,0.0059,0.0063,0.0068
0.0071,0.0074,0.0078,0.0081,0.0084,0.0088,0.0094,0.0111,0.0144,0.0213
0.0317,0.0453,0.0633,0.0825,0.1021,0.1239,0.1465,0.1700,0.1932,0.2162
0.2401,0.2640,0.2872,0.3099,0.3340,0.3576,0.3817,0.4049,0.4278,0.4506
0.4723,0.4943,0.5154,0.5380,0.5594,0.5799,0.6008,0.6209,0.6423,0.6638
0.6852,0.7057,0.7257,0.7445,0.7648,0.7838,0.8031,0.8216,0.8405,0.8583
0.8750,0.8912,0.9061,0.9203,0.9332,0.9443,0.9535,0.9613,0.9683,0.9739
0.9779,0.9815,0.9845,0.9868,0.9887,0.9904,0.9922,0.9937,0.9951,0.9963
0.9973,0.9981,0.9984,0.9987,0.9989,0.9990,0.9991,0.9992,0.9992,0.9993
0.9993,0.9994,0.9994,0.9994,0.9994,0.9995,0.9995,0.9995,0.9996,0.9996
0.9996,0.9996,0.9997,0.9997,0.9997,0.9997,0.9997,0.9998,0.9998,0.9998
0.9998,0.9998,0.9999,0.9999,0.9999,0.9999,1.0000,1.0000,
hwc1v1fract=0.0001,0.0001,0.0003,0.0005,0.0007,0.0009,0.0013,0.0017
0.0021,0.0025,0.0029,0.0034,0.0040,0.0046,0.0050,0.0056,0.0061,0.0067
0.0070,0.0076,0.0080,0.0086,0.0092,0.0097,0.0102,0.0113,0.0139,0.0189
0.0281,0.0407,0.0559,0.0731,0.0922,0.1116,0.1336,0.1553,0.1790,0.2022
0.2247,0.2485,0.2713,0.2948,0.3180,0.3415,0.3644,0.3879,0.4097,0.4320
0.4553,0.4780,0.5003,0.5228,0.5446,0.5666,0.5881,0.6103,0.6322,0.6537
0.6735,0.6933,0.7131,0.7326,0.7526,0.7710,0.7894,0.8091,0.8287,0.8468
0.8644,0.8811,0.8968,0.9112,0.9239,0.9355,0.9459,0.9544,0.9611,0.9672
0.9722,0.9762,0.9798,0.9824,0.9851,0.9870,0.9889,0.9906,0.9921,0.9935
0.9946,0.9958,0.9964,0.9968,0.9972,0.9975,0.9977,0.9980,0.9982,0.9983
0.9984,0.9985,0.9986,0.9986,0.9986,0.9987,0.9988,0.9988,0.9988,0.9989
0.9989,0.9990,0.9991,0.9991,0.9992,0.9993,0.9993,0.9994,0.9994,0.9995
0.9996,0.9996,0.9996,0.9997,0.9998,0.9999,0.9999,1.0000,
hwc1v2fract=0.0001,0.0002,0.0003,0.0004,0.0007,0.0009,0.0013,0.0016
0.0020,0.0025,0.0030,0.0035,0.0040,0.0046,0.0051,0.0056,0.0062,0.0067
0.0073,0.0077,0.0082,0.0087,0.0092,0.0097,0.0105,0.0118,0.0153,0.0214
0.0312,0.0440,0.0602,0.0778,0.0969,0.1181,0.1402,0.1636,0.1866,0.2095
0.2333,0.2574,0.2820,0.3059,0.3288,0.3509,0.3744,0.3968,0.4200,0.4437
0.4673,0.4903,0.5118,0.5337,0.5579,0.5794,0.6012,0.6220,0.6438,0.6644
0.6843,0.7038,0.7234,0.7428,0.7628,0.7824,0.8011,0.8204,0.8385,0.8553
0.8721,0.8876,0.9023,0.9159,0.9280,0.9395,0.9486,0.9563,0.9631,0.9687
0.9729,0.9770,0.9802,0.9831,0.9856,0.9876,0.9893,0.9907,0.9921,0.9934
0.9946,0.9956,0.9964,0.9968,0.9973,0.9975,0.9978,0.9979,0.9981,0.9983
0.9984,0.9985,0.9986,0.9987,0.9987,0.9988,0.9989,0.9989,0.9990,0.9991
0.9991,0.9992,0.9993,0.9993,0.9994,0.9995,0.9995,0.9996,0.9996,0.9996
0.9997,0.9997,0.9998,0.9998,0.9998,0.9999,0.9999,1.0000,
hwc2u1fract=0.0000,0.0000,0.0001,0.0001,0.0001,0.0002,0.0002,0.0002
0.0003,0.0003,0.0004,0.0004,0.0004,0.0004,0.0004,0.0004,0.0004,0.0004
0.0005,0.0005,0.0006,0.0006,0.0007,0.0008,0.0013,0.0025,0.0061,0.0138
0.0267,0.0423,0.0604,0.0812,0.1020,0.1241,0.1463,0.1692,0.1915,0.2144
0.2382,0.2613,0.2838,0.3058,0.3285,0.3508,0.3733,0.3963,0.4182,0.4400
0.4636,0.4859,0.5075,0.5299,0.5513,0.5730,0.5950,0.6170,0.6381,0.6582
0.6789,0.6993,0.7198,0.7395,0.7603,0.7804,0.8004,0.8198,0.8387,0.8573
0.8748,0.8917,0.9090,0.9233,0.9363,0.9476,0.9566,0.9641,0.9699,0.9750
0.9790,0.9826,0.9851,0.9876,0.9895,0.9914,0.9928,0.9941,0.9951,0.9962
0.9974,0.9981,0.9986,0.9989,0.9991,0.9992,0.9993,0.9994,0.9995,0.9995
0.9995,0.9996,0.9996,0.9996,0.9996,0.9996,0.9996,0.9997,0.9997,0.9997
0.9997,0.9997,0.9998,0.9998,0.9998,0.9998,0.9998,0.9999,0.9999,0.9999
0.9999,0.9999,0.9999,0.9999,1.0000,1.0000,1.0000,1.0000,
hwc2u2fract=0.0000,0.0000,0.0001,0.0001,0.0001,0.0001,0.0001,0.0002
0.0002,0.0002,0.0003,0.0003,0.0003,0.0004,0.0004,0.0005,0.0005,0.0006
0.0006,0.0006,0.0006,0.0007,0.0008,0.0009,0.0013,0.0023,0.0046,0.0108
0.0209,0.0353,0.0522,0.0714,0.0923,0.1138,0.1370,0.1603,0.1839,0.2076
0.2304,0.2540,0.2775,0.3005,0.3230,0.3448,0.3683,0.3904,0.4138,0.4365
0.4588,0.4808,0.5042,0.5264,0.5479,0.5692,0.5911,0.6123,0.6324,0.6541
0.6755,0.6958,0.7158,0.7363,0.7559,0.7760,0.7949,0.8141,0.8324,0.8505
0.8685,0.8855,0.9025,0.9170,0.9306,0.9419,0.9521,0.9605,0.9676,0.9730
0.9772,0.9809,0.9839,0.9865,0.9888,0.9905,0.9922,0.9937,0.9950,0.9960
0.9969,0.9978,0.9983,0.9986,0.9988,0.9990,0.9992,0.9993,0.9993,0.9993
0.9993,0.9994,0.9994,0.9994,0.9995,0.9995,0.9996,0.9996,0.9996,0.9996
0.9996,0.9997,0.9997,0.9997,0.9997,0.9997,0.9997,0.9998,0.9998,0.9998
0.9998,0.9998,0.9998,0.9998,0.9999,0.9999,1.0000,1.0000,
hwc2x1fract=0.0000,0.0000,0.0000,0.0000,0.0000,0.0001,0.0001,0.0001
0.0001,0.0001,0.0001,0.0001,0.0001,0.0001,0.0001,0.0001,0.0001,0.0001
0.0001,0.0002,0.0002,0.0003,0.0003,0.0004,0.0008,0.0020,0.0052,0.0122
0.0230,0.0391,0.0576,0.0776,0.0994,0.1209,0.1442,0.1669,0.1889,0.2118
0.2346,0.2568,0.2794,0.3022,0.3245,0.3478,0.3706,0.3927,0.4152,0.4372
0.4598,0.4818,0.5030,0.5242,0.5461,0.5683,0.5903,0.6124,0.6336,0.6546
0.6754,0.6953,0.7147,0.7348,0.7549,0.7740,0.7942,0.8135,0.8328,0.8518
0.8700,0.8878,0.9036,0.9183,0.9320,0.9435,0.9538,0.9619,0.9690,0.9746
0.9792,0.9830,0.9857,0.9880,0.9899,0.9918,0.9933,0.9945,0.9958,0.9969
0.9979,0.9987,0.9989,0.9991,0.9992,0.9993,0.9994,0.9995,0.9995,0.9995
0.9996,0.9996,0.9997,0.9997,0.9997,0.9997,0.9997,0.9997,0.9997,0.9997
0.9997,0.9998,0.9998,0.9998,0.9998,0.9998,0.9998,0.9998,0.9999,0.9999
0.9999,0.9999,1.0000,1.0000,1.0000,1.0000,1.0000,1.0000,
hwc2x2fract=0.0000,0.0000,0.0001,0.0001,0.0001,0.0001,0.0001,0.0001
0.0001,0.0002,0.0002,0.0002,0.0002,0.0002,0.0002,0.0002,0.0002,0.0002
0.0002,0.0003,0.0003,0.0003,0.0003,0.0005,0.0008,0.0020,0.0058,0.0139
0.0273,0.0449,0.0658,0.0871,0.1109,0.1344,0.1564,0.1789,0.2019,0.2242
0.2469,0.2690,0.2910,0.3138,0.3362,0.3583,0.3804,0.4032,0.4260,0.4476
0.4699,0.4927,0.5145,0.5371,0.5587,0.5799,0.6011,0.6229,0.6438,0.6642
0.6845,0.7048,0.7256,0.7463,0.7668,0.7859,0.8059,0.8237,0.8417,0.8598
0.8770,0.8936,0.9095,0.9234,0.9360,0.9473,0.9577,0.9651,0.9717,0.9766
0.9803,0.9836,0.9862,0.9883,0.9903,0.9921,0.9937,0.9951,0.9964,0.9975
0.9985,0.9993,0.9994,0.9994,0.9995,0.9996,0.9996,0.9996,0.9997,0.9997
0.9997,0.9998,0.9998,0.9998,0.9998,0.9998,0.9998,0.9998,0.9998,0.9999
0.9999,0.9999,0.9999,0.9999,0.9999,0.9999,0.9999,0.9999,0.9999,0.9999
0.9999,0.9999,1.0000,1.0000,1.0000,1.0000,1.0000,1.0000,
hwc2v1fract=0.0000,0.0000,0.0001,0.0001,0.0001,0.0001,0.0002,0.0002
0.0002,0.0003,0.0003,0.0003,0.0004,0.0004,0.0005,0.0005,0.0005,0.0005
0.0006,0.0006,0.0006,0.0007,0.0007,0.0009,0.0016,0.0031,0.0076,0.0171
0.0309,0.0484,0.0675,0.0887,0.1099,0.1324,0.1554,0.1783,0.2017,0.2248
0.2474,0.2698,0.2931,0.3158,0.3380,0.3593,0.3812,0.4037,0.4259,0.4485
0.4707,0.4936,0.5154,0.5380,0.5594,0.5810,0.6019,0.6231,0.6444,0.6657
0.6858,0.7059,0.7264,0.7460,0.7661,0.7859,0.8046,0.8229,0.8415,0.8590
0.8764,0.8932,0.9082,0.9218,0.9346,0.9451,0.9543,0.9618,0.9688,0.9743
0.9782,0.9816,0.9848,0.9871,0.9893,0.9912,0.9926,0.9939,0.9950,0.9961
0.9971,0.9980,0.9985,0.9988,0.9990,0.9992,0.9992,0.9993,0.9994,0.9994
0.9994,0.9995,0.9995,0.9995,0.9996,0.9996,0.9996,0.9996,0.9996,0.9996
0.9996,0.9996,0.9997,0.9997,0.9997,0.9997,0.9997,0.9997,0.9998,0.9998
0.9998,0.9998,0.9999,0.9999,0.9999,1.0000,1.0000,1.0000,
hwc2v2fract=0.0000,0.0001,0.0001,0.0001,0.0002,0.0002,0.0002,0.0002
0.0002,0.0003,0.0003,0.0003,0.0003,0.0003,0.0004,0.0004,0.0004,0.0004
0.0004,0.0004,0.0004,0.0005,0.0006,0.0009,0.0016,0.0037,0.0093,0.0192
0.0341,0.0527,0.0726,0.0934,0.1148,0.1372,0.1590,0.1819,0.2051,0.2274
0.2510,0.2729,0.2954,0.3182,0.3399,0.3624,0.3846,0.4071,0.4286,0.4512
0.4726,0.4953,0.5174,0.5397,0.5622,0.5836,0.6038,0.6250,0.6460,0.6670
0.6870,0.7079,0.7281,0.7479,0.7679,0.7867,0.8054,0.8248,0.8438,0.8620
0.8791,0.8958,0.9111,0.9245,0.9369,0.9478,0.9574,0.9652,0.9711,0.9755
0.9795,0.9831,0.9856,0.9878,0.9898,0.9915,0.9930,0.9943,0.9955,0.9967
0.9975,0.9983,0.9987,0.9989,0.9991,0.9993,0.9994,0.9995,0.9995,0.9996
0.9996,0.9996,0.9996,0.9996,0.9997,0.9997,0.9997,0.9997,0.9997,0.9997
0.9998,0.9998,0.9998,0.9998,0.9998,0.9998,0.9998,0.9998,0.9998,0.9998
0.9998,0.9999,0.9999,0.9999,0.9999,0.9999,1.0000,1.0000,
