; For HKS DC test. Adapted from sdriftmap.param
; L.Yuan 06/07/2003
;
; Lookup table for Hall C drift chamber time to distance map.
;
;number of bins in Meek's time to distance lookup table
hdriftbins=126
;number of 1st bin in Meek's table in ns
hdrift1stbin=-50
;bin size in ns of Meek's table
hdriftbinsz=2
;
hwc1u1fract=0.0001,0.0002,0.0005,0.0007,0.0010,0.0015,0.0019,0.0024
0.0030,0.0036,0.0042,0.0048,0.0054,0.0060,0.0066,0.0072,0.0078,0.0084
0.0091,0.0097,0.0104,0.0109,0.0115,0.0123,0.0134,0.0153,0.0206,0.0281
0.0401,0.0539,0.0706,0.0890,0.1096,0.1301,0.1521,0.1760,0.1987,0.2227
0.2461,0.2699,0.2929,0.3172,0.3408,0.3637,0.3862,0.4086,0.4322,0.4541
0.4751,0.4971,0.5196,0.5410,0.5617,0.5849,0.6054,0.6273,0.6477,0.6693
0.6895,0.7095,0.7283,0.7482,0.7679,0.7862,0.8051,0.8231,0.8402,0.8568
0.8736,0.8898,0.9048,0.9182,0.9299,0.9404,0.9487,0.9562,0.9628,0.9679
0.9724,0.9760,0.9790,0.9816,0.9842,0.9863,0.9882,0.9897,0.9911,0.9923
0.9933,0.9944,0.9952,0.9957,0.9961,0.9965,0.9969,0.9971,0.9974,0.9976
0.9977,0.9978,0.9980,0.9981,0.9982,0.9983,0.9984,0.9985,0.9985,0.9985
0.9987,0.9987,0.9988,0.9989,0.9990,0.9991,0.9991,0.9992,0.9993,0.9994
0.9995,0.9995,0.9996,0.9997,0.9997,0.9998,0.9999,1.0000,
hwc1u2fract=0.0001,0.0003,0.0003,0.0006,0.0010,0.0013,0.0016,0.0020
0.0025,0.0029,0.0035,0.0041,0.0047,0.0053,0.0060,0.0066,0.0073,0.0079
0.0085,0.0091,0.0098,0.0105,0.0110,0.0117,0.0128,0.0149,0.0186,0.0254
0.0349,0.0476,0.0627,0.0806,0.1001,0.1207,0.1431,0.1654,0.1886,0.2116
0.2356,0.2599,0.2835,0.3078,0.3309,0.3549,0.3787,0.4018,0.4251,0.4473
0.4701,0.4922,0.5137,0.5351,0.5568,0.5784,0.6008,0.6227,0.6431,0.6644
0.6851,0.7051,0.7245,0.7439,0.7630,0.7817,0.7998,0.8182,0.8363,0.8539
0.8702,0.8860,0.9008,0.9144,0.9269,0.9379,0.9469,0.9543,0.9603,0.9653
0.9701,0.9740,0.9772,0.9802,0.9827,0.9851,0.9870,0.9887,0.9902,0.9916
0.9930,0.9940,0.9949,0.9954,0.9959,0.9963,0.9967,0.9969,0.9972,0.9974
0.9976,0.9978,0.9978,0.9980,0.9982,0.9983,0.9984,0.9985,0.9986,0.9986
0.9988,0.9988,0.9989,0.9990,0.9991,0.9991,0.9992,0.9993,0.9993,0.9994
0.9994,0.9996,0.9997,0.9997,0.9998,0.9998,0.9999,1.0000,
hwc1x1fract=0.0001,0.0002,0.0003,0.0006,0.0007,0.0010,0.0016,0.0020
0.0026,0.0031,0.0036,0.0044,0.0049,0.0056,0.0063,0.0068,0.0074,0.0079
0.0084,0.0090,0.0094,0.0099,0.0103,0.0107,0.0114,0.0128,0.0156,0.0209
0.0298,0.0419,0.0574,0.0755,0.0960,0.1170,0.1397,0.1638,0.1866,0.2107
0.2344,0.2583,0.2810,0.3040,0.3263,0.3489,0.3722,0.3954,0.4179,0.4400
0.4613,0.4832,0.5053,0.5270,0.5486,0.5705,0.5925,0.6136,0.6343,0.6546
0.6763,0.6960,0.7161,0.7356,0.7552,0.7749,0.7942,0.8125,0.8305,0.8490
0.8664,0.8830,0.8982,0.9126,0.9253,0.9373,0.9476,0.9559,0.9625,0.9683
0.9729,0.9769,0.9803,0.9833,0.9858,0.9881,0.9901,0.9919,0.9934,0.9948
0.9963,0.9972,0.9975,0.9979,0.9982,0.9985,0.9986,0.9988,0.9989,0.9990
0.9991,0.9991,0.9992,0.9992,0.9993,0.9993,0.9994,0.9994,0.9994,0.9995
0.9995,0.9995,0.9995,0.9996,0.9996,0.9996,0.9997,0.9997,0.9997,0.9997
0.9997,0.9998,0.9998,0.9998,0.9999,0.9999,1.0000,1.0000,
hwc1x2fract=0.0000,0.0001,0.0003,0.0005,0.0008,0.0011,0.0016,0.0022
0.0027,0.0033,0.0039,0.0043,0.0049,0.0054,0.0060,0.0066,0.0073,0.0079
0.0083,0.0088,0.0093,0.0097,0.0102,0.0107,0.0115,0.0129,0.0160,0.0220
0.0325,0.0458,0.0624,0.0811,0.1007,0.1218,0.1434,0.1663,0.1910,0.2144
0.2380,0.2625,0.2862,0.3103,0.3342,0.3573,0.3800,0.4017,0.4240,0.4469
0.4689,0.4909,0.5125,0.5346,0.5568,0.5780,0.5993,0.6199,0.6401,0.6603
0.6810,0.7008,0.7206,0.7408,0.7601,0.7790,0.7984,0.8164,0.8347,0.8523
0.8694,0.8858,0.9014,0.9154,0.9280,0.9395,0.9491,0.9576,0.9643,0.9698
0.9744,0.9781,0.9813,0.9840,0.9864,0.9886,0.9904,0.9921,0.9934,0.9947
0.9959,0.9968,0.9974,0.9977,0.9980,0.9983,0.9986,0.9987,0.9988,0.9989
0.9990,0.9990,0.9991,0.9991,0.9991,0.9992,0.9992,0.9993,0.9994,0.9994
0.9994,0.9994,0.9995,0.9995,0.9995,0.9996,0.9996,0.9997,0.9997,0.9997
0.9997,0.9998,0.9998,0.9998,0.9998,0.9999,0.9999,1.0000,
hwc1v1fract=0.0001,0.0003,0.0004,0.0006,0.0009,0.0013,0.0017,0.0020
0.0026,0.0031,0.0037,0.0043,0.0049,0.0055,0.0061,0.0067,0.0073,0.0080
0.0085,0.0092,0.0098,0.0103,0.0109,0.0116,0.0124,0.0133,0.0158,0.0210
0.0286,0.0391,0.0527,0.0695,0.0874,0.1076,0.1285,0.1517,0.1748,0.1984
0.2226,0.2465,0.2700,0.2937,0.3173,0.3406,0.3640,0.3869,0.4099,0.4326
0.4557,0.4779,0.4993,0.5213,0.5426,0.5650,0.5871,0.6079,0.6294,0.6503
0.6708,0.6910,0.7104,0.7301,0.7492,0.7686,0.7869,0.8054,0.8234,0.8407
0.8575,0.8739,0.8893,0.9039,0.9176,0.9291,0.9392,0.9479,0.9554,0.9614
0.9663,0.9709,0.9746,0.9777,0.9806,0.9830,0.9854,0.9874,0.9890,0.9906
0.9918,0.9931,0.9940,0.9947,0.9953,0.9959,0.9962,0.9966,0.9970,0.9973
0.9975,0.9977,0.9978,0.9980,0.9981,0.9983,0.9983,0.9984,0.9985,0.9985
0.9986,0.9986,0.9987,0.9987,0.9988,0.9990,0.9991,0.9992,0.9993,0.9994
0.9994,0.9995,0.9996,0.9996,0.9997,0.9998,0.9999,1.0000,
hwc1v2fract=0.0001,0.0003,0.0005,0.0007,0.0010,0.0013,0.0018,0.0022
0.0026,0.0031,0.0037,0.0043,0.0049,0.0055,0.0062,0.0068,0.0074,0.0079
0.0085,0.0091,0.0097,0.0103,0.0109,0.0116,0.0123,0.0138,0.0176,0.0233
0.0325,0.0454,0.0603,0.0778,0.0970,0.1169,0.1382,0.1604,0.1828,0.2060
0.2288,0.2532,0.2764,0.2993,0.3232,0.3476,0.3703,0.3940,0.4174,0.4405
0.4632,0.4863,0.5086,0.5309,0.5534,0.5754,0.5974,0.6174,0.6376,0.6585
0.6786,0.6983,0.7177,0.7368,0.7568,0.7762,0.7952,0.8131,0.8310,0.8488
0.8657,0.8818,0.8964,0.9099,0.9223,0.9330,0.9425,0.9507,0.9581,0.9640
0.9688,0.9730,0.9762,0.9794,0.9821,0.9846,0.9864,0.9883,0.9898,0.9911
0.9925,0.9937,0.9946,0.9952,0.9958,0.9963,0.9967,0.9970,0.9972,0.9975
0.9977,0.9978,0.9980,0.9981,0.9982,0.9983,0.9984,0.9985,0.9986,0.9986
0.9988,0.9989,0.9989,0.9990,0.9991,0.9991,0.9992,0.9993,0.9993,0.9994
0.9994,0.9995,0.9996,0.9997,0.9998,0.9998,0.9999,1.0000,
hwc2u1fract=0.0001,0.0001,0.0001,0.0002,0.0002,0.0003,0.0004,0.0004
0.0005,0.0006,0.0006,0.0007,0.0007,0.0008,0.0008,0.0008,0.0009,0.0009
0.0010,0.0010,0.0011,0.0012,0.0013,0.0017,0.0023,0.0041,0.0088,0.0189
0.0329,0.0509,0.0714,0.0928,0.1155,0.1386,0.1610,0.1835,0.2054,0.2278
0.2505,0.2738,0.2961,0.3182,0.3399,0.3617,0.3832,0.4052,0.4278,0.4495
0.4723,0.4946,0.5154,0.5379,0.5593,0.5804,0.6010,0.6221,0.6431,0.6634
0.6839,0.7050,0.7241,0.7436,0.7637,0.7838,0.8038,0.8238,0.8424,0.8606
0.8780,0.8937,0.9095,0.9244,0.9371,0.9477,0.9569,0.9650,0.9711,0.9764
0.9801,0.9832,0.9858,0.9880,0.9898,0.9914,0.9929,0.9942,0.9955,0.9965
0.9975,0.9981,0.9984,0.9986,0.9988,0.9989,0.9990,0.9990,0.9991,0.9991
0.9992,0.9992,0.9993,0.9993,0.9993,0.9994,0.9994,0.9994,0.9994,0.9995
0.9995,0.9995,0.9995,0.9995,0.9996,0.9996,0.9996,0.9997,0.9997,0.9997
0.9997,0.9998,0.9999,0.9999,1.0000,1.0000,1.0000,1.0000,
hwc2u2fract=0.0000,0.0001,0.0001,0.0002,0.0002,0.0003,0.0003,0.0004
0.0004,0.0005,0.0006,0.0006,0.0006,0.0007,0.0008,0.0008,0.0009,0.0009
0.0010,0.0011,0.0011,0.0012,0.0013,0.0015,0.0021,0.0033,0.0068,0.0148
0.0276,0.0447,0.0644,0.0854,0.1081,0.1311,0.1532,0.1758,0.1988,0.2214
0.2442,0.2671,0.2897,0.3117,0.3334,0.3553,0.3768,0.3982,0.4198,0.4414
0.4634,0.4858,0.5084,0.5305,0.5526,0.5735,0.5950,0.6162,0.6371,0.6577
0.6784,0.6985,0.7191,0.7392,0.7589,0.7786,0.7983,0.8170,0.8371,0.8558
0.8736,0.8901,0.9057,0.9206,0.9334,0.9446,0.9540,0.9620,0.9683,0.9737
0.9780,0.9817,0.9846,0.9868,0.9889,0.9907,0.9921,0.9937,0.9947,0.9955
0.9966,0.9975,0.9978,0.9981,0.9983,0.9985,0.9987,0.9988,0.9989,0.9989
0.9990,0.9991,0.9991,0.9992,0.9993,0.9993,0.9993,0.9994,0.9994,0.9994
0.9995,0.9995,0.9996,0.9996,0.9996,0.9997,0.9997,0.9997,0.9997,0.9997
0.9998,0.9998,0.9998,0.9998,0.9999,0.9999,0.9999,1.0000,
hwc2x1fract=0.0000,0.0000,0.0000,0.0000,0.0000,0.0001,0.0001,0.0001
0.0001,0.0002,0.0002,0.0002,0.0002,0.0003,0.0003,0.0003,0.0004,0.0004
0.0004,0.0004,0.0005,0.0005,0.0006,0.0007,0.0012,0.0029,0.0075,0.0173
0.0327,0.0514,0.0732,0.0947,0.1172,0.1404,0.1633,0.1864,0.2091,0.2309
0.2528,0.2741,0.2966,0.3189,0.3410,0.3634,0.3850,0.4065,0.4289,0.4503
0.4724,0.4935,0.5146,0.5359,0.5574,0.5782,0.5997,0.6210,0.6417,0.6630
0.6831,0.7033,0.7236,0.7432,0.7632,0.7829,0.8021,0.8212,0.8398,0.8587
0.8767,0.8937,0.9095,0.9243,0.9373,0.9486,0.9574,0.9649,0.9707,0.9755
0.9797,0.9826,0.9853,0.9875,0.9895,0.9913,0.9928,0.9941,0.9952,0.9962
0.9973,0.9980,0.9982,0.9984,0.9986,0.9988,0.9989,0.9990,0.9991,0.9992
0.9992,0.9993,0.9994,0.9994,0.9994,0.9995,0.9995,0.9995,0.9996,0.9996
0.9996,0.9996,0.9997,0.9997,0.9997,0.9997,0.9997,0.9998,0.9998,0.9998
0.9999,0.9999,0.9999,0.9999,0.9999,0.9999,1.0000,1.0000,
hwc2x2fract=0.0000,0.0000,0.0001,0.0001,0.0001,0.0001,0.0002,0.0002
0.0002,0.0002,0.0002,0.0002,0.0002,0.0003,0.0003,0.0003,0.0004,0.0004
0.0004,0.0004,0.0004,0.0004,0.0005,0.0007,0.0013,0.0031,0.0085,0.0191
0.0348,0.0537,0.0750,0.0966,0.1199,0.1430,0.1659,0.1892,0.2117,0.2337
0.2551,0.2781,0.2995,0.3208,0.3439,0.3657,0.3873,0.4090,0.4302,0.4517
0.4737,0.4956,0.5178,0.5387,0.5605,0.5812,0.6028,0.6236,0.6443,0.6650
0.6853,0.7060,0.7254,0.7468,0.7662,0.7860,0.8048,0.8232,0.8412,0.8587
0.8754,0.8927,0.9085,0.9227,0.9356,0.9470,0.9573,0.9652,0.9716,0.9770
0.9806,0.9836,0.9863,0.9884,0.9903,0.9922,0.9934,0.9948,0.9959,0.9971
0.9982,0.9990,0.9992,0.9993,0.9994,0.9995,0.9996,0.9996,0.9997,0.9997
0.9997,0.9998,0.9998,0.9998,0.9998,0.9998,0.9998,0.9998,0.9998,0.9998
0.9999,0.9999,0.9999,0.9999,0.9999,0.9999,0.9999,1.0000,1.0000,1.0000
1.0000,1.0000,1.0000,1.0000,1.0000,1.0000,1.0000,1.0000,
hwc2v1fract=0.0001,0.0001,0.0001,0.0002,0.0002,0.0002,0.0003,0.0003
0.0004,0.0004,0.0004,0.0005,0.0006,0.0006,0.0007,0.0007,0.0008,0.0009
0.0009,0.0010,0.0010,0.0011,0.0012,0.0016,0.0023,0.0042,0.0095,0.0205
0.0361,0.0547,0.0750,0.0970,0.1196,0.1426,0.1652,0.1873,0.2104,0.2325
0.2546,0.2766,0.2988,0.3209,0.3427,0.3653,0.3872,0.4095,0.4310,0.4531
0.4756,0.4973,0.5185,0.5397,0.5616,0.5837,0.6040,0.6252,0.6459,0.6661
0.6875,0.7080,0.7269,0.7461,0.7657,0.7848,0.8041,0.8231,0.8411,0.8591
0.8765,0.8924,0.9079,0.9213,0.9339,0.9449,0.9546,0.9621,0.9685,0.9738
0.9780,0.9814,0.9844,0.9865,0.9885,0.9905,0.9920,0.9933,0.9946,0.9955
0.9963,0.9973,0.9977,0.9981,0.9983,0.9985,0.9986,0.9987,0.9989,0.9989
0.9990,0.9991,0.9991,0.9992,0.9992,0.9993,0.9993,0.9993,0.9994,0.9994
0.9994,0.9995,0.9995,0.9995,0.9996,0.9996,0.9996,0.9997,0.9997,0.9998
0.9998,0.9998,0.9998,0.9999,0.9999,0.9999,1.0000,1.0000,
hwc2v2fract=0.0001,0.0001,0.0002,0.0002,0.0003,0.0003,0.0004,0.0004
0.0004,0.0004,0.0005,0.0006,0.0006,0.0007,0.0007,0.0008,0.0008,0.0008
0.0009,0.0009,0.0010,0.0011,0.0012,0.0016,0.0023,0.0045,0.0108,0.0228
0.0390,0.0578,0.0793,0.1013,0.1242,0.1468,0.1699,0.1924,0.2139,0.2367
0.2587,0.2811,0.3035,0.3258,0.3482,0.3704,0.3925,0.4148,0.4367,0.4578
0.4789,0.5004,0.5214,0.5432,0.5650,0.5867,0.6076,0.6285,0.6497,0.6701
0.6904,0.7101,0.7302,0.7496,0.7679,0.7866,0.8050,0.8233,0.8416,0.8585
0.8751,0.8924,0.9070,0.9212,0.9339,0.9447,0.9543,0.9623,0.9688,0.9738
0.9780,0.9814,0.9840,0.9864,0.9886,0.9904,0.9918,0.9932,0.9944,0.9955
0.9964,0.9973,0.9979,0.9984,0.9986,0.9988,0.9989,0.9990,0.9991,0.9991
0.9992,0.9992,0.9992,0.9993,0.9993,0.9993,0.9993,0.9993,0.9994,0.9994
0.9995,0.9995,0.9995,0.9995,0.9996,0.9996,0.9996,0.9997,0.9997,0.9997
0.9998,0.9998,0.9998,0.9999,0.9999,0.9999,1.0000,1.0000,
