; For HKS DC test. Adapted from sdriftmap.param
; L.Yuan 06/07/2003
;
; Lookup table for Hall C drift chamber time to distance map.
;
;number of bins in Meek's time to distance lookup table
hdriftbins=126
;number of 1st bin in Meek's table in ns
hdrift1stbin=-50
;bin size in ns of Meek's table
hdriftbinsz=2
;
hwc1u1fract=0.0005,0.0011,0.0020,0.0027,0.0036,0.0048,0.0057,0.0069
0.0081,0.0096,0.0114,0.0129,0.0146,0.0163,0.0180,0.0201,0.0220,0.0241
0.0259,0.0282,0.0300,0.0320,0.0341,0.0363,0.0386,0.0415,0.0457,0.0523
0.0603,0.0711,0.0833,0.0978,0.1143,0.1317,0.1511,0.1717,0.1927,0.2147
0.2382,0.2622,0.2848,0.3102,0.3344,0.3583,0.3826,0.4070,0.4290,0.4517
0.4744,0.4972,0.5201,0.5422,0.5638,0.5857,0.6069,0.6277,0.6490,0.6700
0.6904,0.7108,0.7301,0.7500,0.7682,0.7867,0.8039,0.8216,0.8381,0.8548
0.8704,0.8846,0.8981,0.9101,0.9207,0.9306,0.9392,0.9467,0.9527,0.9580
0.9626,0.9662,0.9698,0.9724,0.9750,0.9772,0.9790,0.9810,0.9824,0.9839
0.9855,0.9870,0.9878,0.9886,0.9892,0.9897,0.9903,0.9908,0.9913,0.9916
0.9922,0.9925,0.9929,0.9932,0.9936,0.9939,0.9942,0.9944,0.9947,0.9950
0.9954,0.9956,0.9959,0.9962,0.9965,0.9968,0.9972,0.9974,0.9976,0.9978
0.9981,0.9985,0.9988,0.9991,0.9992,0.9995,0.9997,1.0000,
hwc1u2fract=0.0006,0.0010,0.0014,0.0020,0.0027,0.0036,0.0047,0.0057
0.0070,0.0084,0.0098,0.0114,0.0129,0.0146,0.0166,0.0186,0.0207,0.0224
0.0242,0.0263,0.0282,0.0303,0.0323,0.0344,0.0367,0.0394,0.0428,0.0488
0.0565,0.0655,0.0765,0.0893,0.1035,0.1194,0.1367,0.1566,0.1764,0.1981
0.2199,0.2436,0.2675,0.2913,0.3156,0.3396,0.3638,0.3885,0.4130,0.4365
0.4590,0.4828,0.5058,0.5287,0.5505,0.5719,0.5941,0.6146,0.6356,0.6562
0.6761,0.6968,0.7162,0.7353,0.7537,0.7721,0.7914,0.8100,0.8266,0.8425
0.8583,0.8742,0.8885,0.9015,0.9140,0.9248,0.9345,0.9418,0.9484,0.9541
0.9592,0.9636,0.9673,0.9702,0.9734,0.9758,0.9779,0.9801,0.9819,0.9837
0.9850,0.9861,0.9873,0.9882,0.9890,0.9896,0.9903,0.9908,0.9914,0.9917
0.9921,0.9924,0.9927,0.9929,0.9933,0.9937,0.9939,0.9942,0.9944,0.9949
0.9951,0.9955,0.9958,0.9961,0.9964,0.9967,0.9970,0.9972,0.9974,0.9977
0.9980,0.9983,0.9987,0.9988,0.9991,0.9995,0.9999,1.0000,
hwc1x1fract=0.0003,0.0007,0.0012,0.0017,0.0024,0.0033,0.0045,0.0057
0.0071,0.0087,0.0103,0.0118,0.0135,0.0156,0.0173,0.0191,0.0210,0.0228
0.0247,0.0265,0.0279,0.0296,0.0312,0.0330,0.0348,0.0368,0.0393,0.0440
0.0508,0.0606,0.0720,0.0868,0.1037,0.1215,0.1411,0.1619,0.1843,0.2072
0.2310,0.2549,0.2785,0.3019,0.3252,0.3483,0.3703,0.3933,0.4158,0.4378
0.4620,0.4840,0.5058,0.5271,0.5483,0.5691,0.5903,0.6121,0.6321,0.6520
0.6730,0.6943,0.7137,0.7328,0.7514,0.7701,0.7895,0.8080,0.8266,0.8444
0.8615,0.8785,0.8935,0.9078,0.9208,0.9321,0.9416,0.9504,0.9576,0.9628
0.9680,0.9717,0.9750,0.9782,0.9810,0.9833,0.9855,0.9872,0.9888,0.9902
0.9919,0.9930,0.9937,0.9941,0.9945,0.9947,0.9949,0.9951,0.9954,0.9957
0.9961,0.9963,0.9965,0.9968,0.9969,0.9971,0.9972,0.9973,0.9975,0.9976
0.9979,0.9980,0.9981,0.9983,0.9984,0.9985,0.9986,0.9986,0.9988,0.9989
0.9991,0.9993,0.9994,0.9995,0.9997,0.9998,0.9999,1.0000,
hwc1x2fract=0.0003,0.0007,0.0012,0.0018,0.0026,0.0033,0.0042,0.0052
0.0065,0.0083,0.0099,0.0117,0.0134,0.0151,0.0169,0.0185,0.0203,0.0223
0.0238,0.0255,0.0274,0.0289,0.0306,0.0322,0.0340,0.0360,0.0395,0.0447
0.0524,0.0627,0.0754,0.0904,0.1080,0.1275,0.1477,0.1690,0.1924,0.2154
0.2381,0.2608,0.2842,0.3082,0.3323,0.3556,0.3782,0.4019,0.4243,0.4463
0.4686,0.4922,0.5152,0.5369,0.5587,0.5795,0.6009,0.6211,0.6413,0.6609
0.6808,0.7008,0.7204,0.7409,0.7602,0.7783,0.7968,0.8156,0.8323,0.8494
0.8665,0.8819,0.8965,0.9108,0.9228,0.9330,0.9432,0.9513,0.9581,0.9637
0.9688,0.9728,0.9765,0.9796,0.9821,0.9844,0.9863,0.9880,0.9896,0.9908
0.9919,0.9930,0.9935,0.9938,0.9944,0.9947,0.9950,0.9953,0.9955,0.9956
0.9959,0.9961,0.9963,0.9965,0.9966,0.9969,0.9971,0.9972,0.9973,0.9974
0.9975,0.9977,0.9979,0.9980,0.9981,0.9983,0.9985,0.9985,0.9987,0.9989
0.9990,0.9992,0.9992,0.9993,0.9995,0.9996,0.9997,1.0000,
hwc1v1fract=0.0006,0.0012,0.0019,0.0028,0.0034,0.0043,0.0053,0.0062
0.0074,0.0086,0.0100,0.0115,0.0131,0.0147,0.0168,0.0186,0.0205,0.0224
0.0241,0.0261,0.0282,0.0301,0.0322,0.0342,0.0366,0.0391,0.0420,0.0465
0.0528,0.0605,0.0702,0.0819,0.0956,0.1112,0.1279,0.1470,0.1671,0.1889
0.2107,0.2340,0.2565,0.2798,0.3032,0.3262,0.3502,0.3751,0.3981,0.4219
0.4455,0.4692,0.4924,0.5163,0.5376,0.5602,0.5822,0.6046,0.6252,0.6455
0.6655,0.6857,0.7049,0.7244,0.7440,0.7626,0.7804,0.7980,0.8154,0.8327
0.8487,0.8646,0.8791,0.8928,0.9056,0.9168,0.9272,0.9357,0.9427,0.9494
0.9549,0.9599,0.9640,0.9678,0.9711,0.9741,0.9765,0.9787,0.9809,0.9825
0.9846,0.9857,0.9869,0.9878,0.9887,0.9893,0.9900,0.9906,0.9910,0.9915
0.9918,0.9922,0.9925,0.9929,0.9933,0.9936,0.9939,0.9943,0.9945,0.9950
0.9954,0.9957,0.9960,0.9963,0.9965,0.9968,0.9970,0.9972,0.9975,0.9979
0.9982,0.9984,0.9986,0.9990,0.9992,0.9994,0.9997,1.0000,
hwc1v2fract=0.0005,0.0010,0.0016,0.0022,0.0028,0.0039,0.0050,0.0060
0.0072,0.0086,0.0102,0.0119,0.0136,0.0154,0.0174,0.0194,0.0211,0.0230
0.0249,0.0268,0.0288,0.0306,0.0327,0.0349,0.0371,0.0401,0.0435,0.0488
0.0561,0.0651,0.0762,0.0896,0.1042,0.1207,0.1390,0.1594,0.1809,0.2033
0.2256,0.2491,0.2723,0.2953,0.3189,0.3440,0.3683,0.3929,0.4175,0.4406
0.4640,0.4874,0.5102,0.5323,0.5551,0.5776,0.5993,0.6205,0.6413,0.6622
0.6824,0.7025,0.7216,0.7406,0.7578,0.7767,0.7946,0.8116,0.8286,0.8452
0.8609,0.8769,0.8908,0.9038,0.9158,0.9267,0.9362,0.9437,0.9500,0.9564
0.9618,0.9657,0.9692,0.9719,0.9746,0.9773,0.9795,0.9816,0.9831,0.9845
0.9859,0.9872,0.9882,0.9890,0.9897,0.9904,0.9909,0.9914,0.9920,0.9924
0.9927,0.9930,0.9933,0.9936,0.9939,0.9942,0.9945,0.9949,0.9951,0.9954
0.9957,0.9959,0.9962,0.9965,0.9968,0.9970,0.9972,0.9975,0.9979,0.9982
0.9984,0.9987,0.9990,0.9993,0.9994,0.9996,0.9998,1.0000,
hwc2u1fract=0.0002,0.0003,0.0006,0.0009,0.0012,0.0014,0.0016,0.0018
0.0021,0.0023,0.0026,0.0028,0.0030,0.0032,0.0034,0.0037,0.0040,0.0042
0.0046,0.0049,0.0052,0.0055,0.0059,0.0064,0.0071,0.0084,0.0114,0.0181
0.0290,0.0426,0.0594,0.0784,0.0991,0.1204,0.1431,0.1656,0.1885,0.2114
0.2353,0.2594,0.2836,0.3065,0.3297,0.3525,0.3763,0.3991,0.4224,0.4454
0.4681,0.4911,0.5124,0.5340,0.5558,0.5775,0.5989,0.6205,0.6411,0.6618
0.6830,0.7043,0.7242,0.7433,0.7619,0.7813,0.7997,0.8179,0.8368,0.8549
0.8717,0.8877,0.9030,0.9173,0.9302,0.9415,0.9503,0.9586,0.9651,0.9705
0.9751,0.9787,0.9813,0.9838,0.9861,0.9877,0.9893,0.9908,0.9922,0.9934
0.9943,0.9952,0.9958,0.9960,0.9963,0.9965,0.9967,0.9968,0.9970,0.9971
0.9972,0.9973,0.9974,0.9976,0.9977,0.9977,0.9978,0.9979,0.9981,0.9982
0.9982,0.9983,0.9984,0.9985,0.9986,0.9987,0.9988,0.9989,0.9989,0.9991
0.9993,0.9994,0.9995,0.9996,0.9997,0.9998,0.9999,1.0000,
hwc2u2fract=0.0003,0.0005,0.0009,0.0011,0.0013,0.0015,0.0016,0.0018
0.0020,0.0022,0.0024,0.0027,0.0029,0.0031,0.0034,0.0036,0.0039,0.0040
0.0043,0.0047,0.0050,0.0053,0.0056,0.0061,0.0069,0.0080,0.0103,0.0151
0.0226,0.0335,0.0480,0.0652,0.0836,0.1027,0.1236,0.1463,0.1693,0.1923
0.2166,0.2395,0.2625,0.2859,0.3087,0.3322,0.3549,0.3768,0.4002,0.4231
0.4475,0.4704,0.4933,0.5141,0.5356,0.5574,0.5795,0.6019,0.6243,0.6451
0.6663,0.6872,0.7078,0.7283,0.7490,0.7686,0.7886,0.8089,0.8277,0.8463
0.8639,0.8803,0.8962,0.9107,0.9248,0.9369,0.9465,0.9546,0.9610,0.9667
0.9711,0.9751,0.9783,0.9812,0.9837,0.9856,0.9872,0.9889,0.9902,0.9916
0.9928,0.9938,0.9945,0.9951,0.9956,0.9960,0.9963,0.9966,0.9967,0.9969
0.9971,0.9972,0.9973,0.9974,0.9976,0.9977,0.9978,0.9979,0.9980,0.9981
0.9982,0.9982,0.9983,0.9984,0.9985,0.9986,0.9987,0.9988,0.9990,0.9991
0.9992,0.9993,0.9994,0.9996,0.9997,0.9998,0.9999,1.0000,
hwc2x1fract=0.0001,0.0003,0.0004,0.0006,0.0008,0.0009,0.0011,0.0012
0.0013,0.0015,0.0016,0.0017,0.0020,0.0021,0.0023,0.0023,0.0025,0.0027
0.0028,0.0029,0.0031,0.0032,0.0035,0.0039,0.0048,0.0061,0.0093,0.0159
0.0256,0.0401,0.0574,0.0766,0.0983,0.1203,0.1427,0.1651,0.1896,0.2125
0.2354,0.2586,0.2820,0.3054,0.3273,0.3514,0.3737,0.3963,0.4190,0.4414
0.4636,0.4861,0.5078,0.5299,0.5514,0.5718,0.5928,0.6142,0.6354,0.6563
0.6769,0.6981,0.7194,0.7405,0.7611,0.7809,0.8004,0.8190,0.8372,0.8548
0.8721,0.8891,0.9053,0.9192,0.9317,0.9432,0.9526,0.9608,0.9667,0.9716
0.9757,0.9789,0.9820,0.9847,0.9870,0.9889,0.9908,0.9923,0.9935,0.9952
0.9963,0.9974,0.9976,0.9978,0.9979,0.9982,0.9983,0.9984,0.9985,0.9986
0.9987,0.9988,0.9989,0.9989,0.9990,0.9990,0.9990,0.9991,0.9991,0.9992
0.9992,0.9993,0.9993,0.9994,0.9994,0.9994,0.9995,0.9995,0.9996,0.9996
0.9997,0.9997,0.9998,0.9999,0.9999,0.9999,1.0000,1.0000,
hwc2x2fract=0.0001,0.0002,0.0003,0.0005,0.0006,0.0007,0.0008,0.0009
0.0012,0.0013,0.0015,0.0017,0.0019,0.0019,0.0020,0.0022,0.0023,0.0025
0.0026,0.0028,0.0030,0.0032,0.0036,0.0041,0.0052,0.0070,0.0113,0.0185
0.0309,0.0468,0.0656,0.0866,0.1079,0.1307,0.1536,0.1773,0.1996,0.2230
0.2449,0.2664,0.2894,0.3106,0.3321,0.3536,0.3757,0.3985,0.4207,0.4431
0.4651,0.4873,0.5096,0.5310,0.5524,0.5738,0.5953,0.6174,0.6387,0.6596
0.6810,0.7011,0.7213,0.7403,0.7601,0.7804,0.8002,0.8195,0.8382,0.8564
0.8737,0.8909,0.9067,0.9222,0.9354,0.9460,0.9555,0.9627,0.9686,0.9734
0.9772,0.9806,0.9832,0.9858,0.9878,0.9898,0.9915,0.9930,0.9942,0.9953
0.9966,0.9973,0.9975,0.9977,0.9979,0.9980,0.9982,0.9983,0.9984,0.9985
0.9986,0.9986,0.9987,0.9987,0.9988,0.9988,0.9988,0.9989,0.9989,0.9990
0.9991,0.9991,0.9991,0.9992,0.9992,0.9993,0.9993,0.9994,0.9994,0.9995
0.9995,0.9996,0.9996,0.9997,0.9998,0.9998,0.9999,1.0000,
hwc2v1fract=0.0002,0.0006,0.0008,0.0010,0.0013,0.0015,0.0017,0.0019
0.0022,0.0025,0.0027,0.0029,0.0034,0.0037,0.0040,0.0043,0.0046,0.0049
0.0051,0.0053,0.0056,0.0060,0.0063,0.0068,0.0081,0.0098,0.0133,0.0197
0.0306,0.0450,0.0616,0.0799,0.1003,0.1215,0.1451,0.1679,0.1902,0.2135
0.2360,0.2589,0.2825,0.3046,0.3271,0.3496,0.3725,0.3954,0.4181,0.4408
0.4629,0.4850,0.5070,0.5293,0.5517,0.5737,0.5951,0.6157,0.6361,0.6568
0.6772,0.6975,0.7189,0.7393,0.7593,0.7799,0.7988,0.8168,0.8350,0.8526
0.8699,0.8858,0.9020,0.9168,0.9300,0.9409,0.9500,0.9581,0.9647,0.9697
0.9740,0.9774,0.9806,0.9835,0.9857,0.9874,0.9890,0.9906,0.9921,0.9932
0.9943,0.9953,0.9957,0.9961,0.9963,0.9966,0.9968,0.9971,0.9972,0.9973
0.9974,0.9975,0.9976,0.9977,0.9978,0.9979,0.9980,0.9981,0.9983,0.9983
0.9984,0.9985,0.9986,0.9987,0.9988,0.9989,0.9989,0.9990,0.9991,0.9992
0.9994,0.9995,0.9996,0.9997,0.9997,0.9999,0.9999,1.0000,
hwc2v2fract=0.0003,0.0004,0.0005,0.0008,0.0010,0.0013,0.0015,0.0018
0.0021,0.0023,0.0024,0.0026,0.0029,0.0031,0.0034,0.0036,0.0038,0.0040
0.0042,0.0046,0.0049,0.0053,0.0058,0.0067,0.0078,0.0100,0.0146,0.0230
0.0355,0.0521,0.0710,0.0917,0.1128,0.1341,0.1561,0.1783,0.2006,0.2229
0.2462,0.2703,0.2937,0.3171,0.3405,0.3630,0.3850,0.4085,0.4313,0.4537
0.4754,0.4975,0.5190,0.5404,0.5620,0.5846,0.6063,0.6269,0.6475,0.6682
0.6885,0.7091,0.7293,0.7490,0.7680,0.7865,0.8056,0.8225,0.8406,0.8582
0.8757,0.8916,0.9059,0.9200,0.9320,0.9424,0.9514,0.9592,0.9659,0.9709
0.9753,0.9787,0.9815,0.9841,0.9863,0.9881,0.9897,0.9911,0.9923,0.9934
0.9944,0.9952,0.9956,0.9960,0.9963,0.9965,0.9967,0.9969,0.9971,0.9973
0.9974,0.9975,0.9977,0.9978,0.9979,0.9980,0.9981,0.9982,0.9983,0.9983
0.9984,0.9985,0.9987,0.9988,0.9989,0.9990,0.9990,0.9991,0.9992,0.9993
0.9994,0.9994,0.9995,0.9996,0.9997,0.9998,0.9999,1.0000,
