; For HKS DC test. Adapted from sdriftmap.param
; L.Yuan 06/07/2003
;
; Lookup table for Hall C drift chamber time to distance map.
;
;number of bins in Meek's time to distance lookup table
hdriftbins=126
;number of 1st bin in Meek's table in ns
hdrift1stbin=-50
;bin size in ns of Meek's table
hdriftbinsz=2
;
hwc1u1fract=0.0000,0.0001,0.0001,0.0002,0.0003,0.0004,0.0006,0.0007
0.0009,0.0010,0.0011,0.0012,0.0014,0.0015,0.0017,0.0019,0.0020,0.0022
0.0024,0.0025,0.0027,0.0028,0.0030,0.0032,0.0040,0.0064,0.0123,0.0227
0.0367,0.0540,0.0736,0.0940,0.1155,0.1381,0.1616,0.1850,0.2090,0.2328
0.2559,0.2786,0.3013,0.3239,0.3466,0.3694,0.3922,0.4151,0.4376,0.4600
0.4822,0.5041,0.5264,0.5477,0.5695,0.5909,0.6120,0.6334,0.6535,0.6737
0.6937,0.7126,0.7318,0.7507,0.7697,0.7878,0.8057,0.8230,0.8402,0.8570
0.8734,0.8888,0.9028,0.9162,0.9277,0.9383,0.9477,0.9555,0.9620,0.9671
0.9714,0.9752,0.9786,0.9814,0.9839,0.9860,0.9879,0.9898,0.9912,0.9926
0.9940,0.9951,0.9962,0.9968,0.9975,0.9980,0.9984,0.9988,0.9991,0.9993
0.9995,0.9996,0.9997,0.9998,0.9998,0.9998,0.9999,0.9999,0.9999,1.0000
1.0000,1.0000,1.0000,1.0000,1.0000,1.0000,1.0000,1.0000,1.0000,1.0000
1.0000,1.0000,1.0000,1.0000,1.0000,1.0000,1.0000,1.0000,
hwc1u2fract=0.0000,0.0001,0.0001,0.0002,0.0002,0.0003,0.0005,0.0006
0.0007,0.0008,0.0010,0.0011,0.0013,0.0014,0.0015,0.0018,0.0019,0.0020
0.0022,0.0024,0.0025,0.0027,0.0028,0.0031,0.0038,0.0057,0.0107,0.0199
0.0331,0.0493,0.0673,0.0879,0.1092,0.1315,0.1545,0.1780,0.2016,0.2247
0.2482,0.2716,0.2949,0.3186,0.3416,0.3643,0.3867,0.4094,0.4324,0.4553
0.4774,0.4993,0.5211,0.5434,0.5651,0.5864,0.6076,0.6281,0.6485,0.6689
0.6894,0.7092,0.7280,0.7467,0.7650,0.7837,0.8019,0.8197,0.8370,0.8534
0.8691,0.8846,0.8997,0.9134,0.9257,0.9368,0.9460,0.9542,0.9609,0.9663
0.9709,0.9747,0.9781,0.9809,0.9833,0.9856,0.9875,0.9893,0.9908,0.9921
0.9937,0.9949,0.9959,0.9966,0.9972,0.9978,0.9983,0.9987,0.9990,0.9992
0.9994,0.9995,0.9996,0.9997,0.9998,0.9998,0.9999,0.9999,0.9999,0.9999
1.0000,1.0000,1.0000,1.0000,1.0000,1.0000,1.0000,1.0000,1.0000,1.0000
1.0000,1.0000,1.0000,1.0000,1.0000,1.0000,1.0000,1.0000,
hwc1x1fract=0.0000,0.0001,0.0001,0.0002,0.0003,0.0004,0.0005,0.0007
0.0009,0.0010,0.0013,0.0014,0.0016,0.0017,0.0019,0.0021,0.0023,0.0024
0.0025,0.0027,0.0028,0.0029,0.0031,0.0032,0.0036,0.0049,0.0085,0.0153
0.0263,0.0411,0.0591,0.0795,0.1010,0.1231,0.1458,0.1696,0.1928,0.2159
0.2392,0.2623,0.2853,0.3087,0.3324,0.3555,0.3785,0.4008,0.4232,0.4453
0.4676,0.4894,0.5119,0.5339,0.5554,0.5766,0.5974,0.6184,0.6400,0.6607
0.6804,0.7001,0.7192,0.7388,0.7575,0.7760,0.7942,0.8119,0.8291,0.8466
0.8631,0.8791,0.8948,0.9089,0.9222,0.9339,0.9441,0.9526,0.9600,0.9660
0.9713,0.9755,0.9792,0.9821,0.9847,0.9871,0.9893,0.9912,0.9930,0.9945
0.9959,0.9970,0.9976,0.9980,0.9983,0.9987,0.9990,0.9993,0.9995,0.9996
0.9997,0.9998,0.9998,0.9999,0.9999,0.9999,0.9999,0.9999,1.0000,1.0000
1.0000,1.0000,1.0000,1.0000,1.0000,1.0000,1.0000,1.0000,1.0000,1.0000
1.0000,1.0000,1.0000,1.0000,1.0000,1.0000,1.0000,1.0000,
hwc1x2fract=0.0000,0.0001,0.0001,0.0002,0.0003,0.0004,0.0006,0.0008
0.0009,0.0012,0.0014,0.0015,0.0017,0.0018,0.0020,0.0022,0.0023,0.0024
0.0026,0.0027,0.0029,0.0030,0.0030,0.0032,0.0036,0.0050,0.0094,0.0171
0.0287,0.0449,0.0634,0.0835,0.1054,0.1283,0.1516,0.1749,0.1985,0.2225
0.2461,0.2695,0.2930,0.3164,0.3389,0.3619,0.3843,0.4068,0.4293,0.4519
0.4737,0.4953,0.5175,0.5390,0.5604,0.5819,0.6030,0.6238,0.6448,0.6650
0.6849,0.7045,0.7249,0.7441,0.7633,0.7817,0.7994,0.8175,0.8349,0.8518
0.8683,0.8844,0.8993,0.9129,0.9252,0.9359,0.9458,0.9540,0.9608,0.9665
0.9710,0.9752,0.9785,0.9814,0.9838,0.9862,0.9883,0.9903,0.9920,0.9936
0.9949,0.9960,0.9968,0.9974,0.9979,0.9983,0.9986,0.9989,0.9991,0.9993
0.9994,0.9995,0.9997,0.9997,0.9998,0.9998,0.9998,0.9999,0.9999,0.9999
0.9999,0.9999,1.0000,1.0000,1.0000,1.0000,1.0000,1.0000,1.0000,1.0000
1.0000,1.0000,1.0000,1.0000,1.0000,1.0000,1.0000,1.0000,
hwc1v1fract=0.0000,0.0000,0.0001,0.0001,0.0002,0.0003,0.0004,0.0005
0.0007,0.0008,0.0010,0.0011,0.0013,0.0014,0.0016,0.0017,0.0019,0.0020
0.0022,0.0024,0.0025,0.0027,0.0028,0.0029,0.0033,0.0043,0.0073,0.0138
0.0243,0.0386,0.0555,0.0748,0.0952,0.1172,0.1401,0.1637,0.1874,0.2098
0.2334,0.2570,0.2806,0.3045,0.3275,0.3502,0.3727,0.3950,0.4177,0.4405
0.4632,0.4853,0.5074,0.5290,0.5508,0.5723,0.5933,0.6150,0.6352,0.6559
0.6757,0.6954,0.7142,0.7334,0.7518,0.7704,0.7880,0.8052,0.8226,0.8394
0.8560,0.8715,0.8867,0.9008,0.9136,0.9260,0.9366,0.9458,0.9536,0.9601
0.9655,0.9700,0.9738,0.9770,0.9799,0.9822,0.9845,0.9865,0.9882,0.9897
0.9912,0.9926,0.9937,0.9948,0.9957,0.9965,0.9971,0.9977,0.9982,0.9986
0.9989,0.9992,0.9993,0.9995,0.9996,0.9996,0.9997,0.9998,0.9998,0.9999
0.9999,0.9999,0.9999,0.9999,0.9999,0.9999,1.0000,1.0000,1.0000,1.0000
1.0000,1.0000,1.0000,1.0000,1.0000,1.0000,1.0000,1.0000,
hwc1v2fract=0.0000,0.0001,0.0002,0.0002,0.0003,0.0004,0.0006,0.0007
0.0008,0.0009,0.0011,0.0012,0.0013,0.0015,0.0016,0.0018,0.0020,0.0022
0.0023,0.0025,0.0027,0.0028,0.0029,0.0031,0.0035,0.0051,0.0090,0.0165
0.0279,0.0429,0.0605,0.0804,0.1007,0.1226,0.1456,0.1686,0.1919,0.2159
0.2401,0.2630,0.2861,0.3094,0.3331,0.3557,0.3785,0.4016,0.4238,0.4468
0.4696,0.4916,0.5138,0.5360,0.5575,0.5793,0.6007,0.6212,0.6416,0.6619
0.6820,0.7014,0.7208,0.7393,0.7574,0.7756,0.7936,0.8109,0.8280,0.8452
0.8616,0.8770,0.8921,0.9058,0.9185,0.9299,0.9395,0.9476,0.9551,0.9612
0.9661,0.9704,0.9740,0.9773,0.9803,0.9828,0.9847,0.9866,0.9883,0.9898
0.9912,0.9926,0.9938,0.9947,0.9956,0.9963,0.9970,0.9977,0.9981,0.9985
0.9987,0.9990,0.9992,0.9994,0.9995,0.9996,0.9997,0.9997,0.9998,0.9999
0.9999,0.9999,0.9999,0.9999,0.9999,1.0000,1.0000,1.0000,1.0000,1.0000
1.0000,1.0000,1.0000,1.0000,1.0000,1.0000,1.0000,1.0000,
hwc2u1fract=0.0000,0.0000,0.0000,0.0000,0.0000,0.0000,0.0000,0.0000
0.0000,0.0000,0.0000,0.0000,0.0000,0.0000,0.0000,0.0000,0.0000,0.0000
0.0000,0.0000,0.0000,0.0000,0.0001,0.0002,0.0006,0.0025,0.0083,0.0195
0.0360,0.0551,0.0762,0.0984,0.1206,0.1430,0.1653,0.1881,0.2107,0.2337
0.2558,0.2777,0.2996,0.3220,0.3435,0.3652,0.3870,0.4095,0.4312,0.4534
0.4755,0.4973,0.5191,0.5410,0.5623,0.5837,0.6049,0.6255,0.6461,0.6664
0.6863,0.7057,0.7252,0.7449,0.7647,0.7837,0.8025,0.8210,0.8389,0.8565
0.8732,0.8895,0.9051,0.9194,0.9319,0.9436,0.9533,0.9609,0.9673,0.9728
0.9769,0.9805,0.9834,0.9859,0.9880,0.9898,0.9914,0.9929,0.9940,0.9952
0.9963,0.9971,0.9977,0.9982,0.9985,0.9989,0.9991,0.9993,0.9995,0.9996
0.9997,0.9998,0.9998,0.9998,0.9999,0.9999,0.9999,0.9999,0.9999,0.9999
0.9999,0.9999,0.9999,0.9999,0.9999,0.9999,1.0000,1.0000,1.0000,1.0000
1.0000,1.0000,1.0000,1.0000,1.0000,1.0000,1.0000,1.0000,
hwc2u2fract=0.0000,0.0000,0.0000,0.0000,0.0000,0.0000,0.0000,0.0000
0.0000,0.0000,0.0000,0.0000,0.0000,0.0000,0.0000,0.0000,0.0000,0.0000
0.0000,0.0000,0.0000,0.0000,0.0001,0.0001,0.0005,0.0017,0.0064,0.0157
0.0309,0.0493,0.0695,0.0913,0.1138,0.1361,0.1589,0.1815,0.2044,0.2270
0.2487,0.2711,0.2938,0.3159,0.3379,0.3600,0.3822,0.4042,0.4262,0.4481
0.4699,0.4917,0.5134,0.5350,0.5568,0.5780,0.5996,0.6207,0.6417,0.6617
0.6821,0.7016,0.7203,0.7394,0.7593,0.7784,0.7968,0.8151,0.8333,0.8511
0.8679,0.8843,0.8999,0.9148,0.9284,0.9404,0.9506,0.9590,0.9658,0.9711
0.9755,0.9790,0.9822,0.9846,0.9867,0.9886,0.9904,0.9919,0.9932,0.9944
0.9956,0.9967,0.9975,0.9981,0.9985,0.9989,0.9991,0.9994,0.9995,0.9997
0.9997,0.9998,0.9999,0.9999,0.9999,0.9999,0.9999,0.9999,0.9999,0.9999
0.9999,0.9999,1.0000,1.0000,1.0000,1.0000,1.0000,1.0000,1.0000,1.0000
1.0000,1.0000,1.0000,1.0000,1.0000,1.0000,1.0000,1.0000,
hwc2x1fract=0.0000,0.0000,0.0000,0.0000,0.0000,0.0000,0.0000,0.0000
0.0000,0.0000,0.0000,0.0000,0.0000,0.0000,0.0000,0.0000,0.0000,0.0000
0.0000,0.0000,0.0000,0.0000,0.0001,0.0001,0.0006,0.0023,0.0076,0.0188
0.0353,0.0554,0.0772,0.0995,0.1213,0.1438,0.1663,0.1889,0.2117,0.2340
0.2563,0.2782,0.3001,0.3221,0.3444,0.3672,0.3899,0.4119,0.4338,0.4556
0.4767,0.4990,0.5208,0.5424,0.5638,0.5846,0.6053,0.6258,0.6460,0.6659
0.6863,0.7063,0.7259,0.7454,0.7643,0.7828,0.8011,0.8193,0.8368,0.8536
0.8705,0.8871,0.9025,0.9172,0.9303,0.9422,0.9519,0.9600,0.9668,0.9723
0.9765,0.9798,0.9827,0.9852,0.9874,0.9892,0.9909,0.9923,0.9937,0.9952
0.9964,0.9972,0.9977,0.9980,0.9984,0.9987,0.9990,0.9991,0.9993,0.9994
0.9995,0.9995,0.9996,0.9997,0.9997,0.9998,0.9998,0.9998,0.9998,0.9999
0.9999,0.9999,0.9999,0.9999,0.9999,0.9999,0.9999,0.9999,1.0000,1.0000
1.0000,1.0000,1.0000,1.0000,1.0000,1.0000,1.0000,1.0000,
hwc2x2fract=0.0000,0.0000,0.0000,0.0000,0.0000,0.0000,0.0000,0.0000
0.0000,0.0000,0.0000,0.0000,0.0000,0.0000,0.0000,0.0000,0.0000,0.0000
0.0000,0.0000,0.0000,0.0000,0.0001,0.0002,0.0006,0.0025,0.0082,0.0198
0.0365,0.0566,0.0783,0.1010,0.1236,0.1459,0.1684,0.1912,0.2132,0.2355
0.2580,0.2800,0.3014,0.3234,0.3457,0.3681,0.3902,0.4121,0.4342,0.4557
0.4777,0.4996,0.5211,0.5422,0.5627,0.5842,0.6049,0.6262,0.6463,0.6665
0.6868,0.7067,0.7262,0.7455,0.7646,0.7831,0.8015,0.8193,0.8367,0.8539
0.8709,0.8873,0.9020,0.9161,0.9289,0.9404,0.9506,0.9592,0.9661,0.9714
0.9756,0.9791,0.9820,0.9846,0.9869,0.9888,0.9905,0.9920,0.9935,0.9951
0.9962,0.9972,0.9978,0.9982,0.9985,0.9989,0.9991,0.9993,0.9994,0.9996
0.9997,0.9997,0.9998,0.9998,0.9999,0.9999,0.9999,0.9999,0.9999,0.9999
0.9999,0.9999,0.9999,0.9999,1.0000,1.0000,1.0000,1.0000,1.0000,1.0000
1.0000,1.0000,1.0000,1.0000,1.0000,1.0000,1.0000,1.0000,
hwc2v1fract=0.0000,0.0000,0.0000,0.0000,0.0000,0.0000,0.0000,0.0000
0.0000,0.0000,0.0000,0.0000,0.0000,0.0000,0.0000,0.0000,0.0000,0.0000
0.0000,0.0000,0.0000,0.0000,0.0001,0.0002,0.0008,0.0031,0.0094,0.0216
0.0390,0.0590,0.0807,0.1034,0.1258,0.1486,0.1712,0.1930,0.2156,0.2379
0.2599,0.2823,0.3042,0.3262,0.3478,0.3697,0.3919,0.4141,0.4364,0.4585
0.4802,0.5019,0.5234,0.5447,0.5661,0.5871,0.6080,0.6283,0.6485,0.6685
0.6883,0.7070,0.7261,0.7451,0.7636,0.7813,0.7994,0.8167,0.8339,0.8508
0.8666,0.8818,0.8967,0.9103,0.9233,0.9349,0.9450,0.9535,0.9605,0.9664
0.9711,0.9750,0.9783,0.9810,0.9833,0.9855,0.9874,0.9890,0.9905,0.9920
0.9932,0.9944,0.9953,0.9961,0.9967,0.9973,0.9978,0.9982,0.9985,0.9988
0.9991,0.9993,0.9994,0.9995,0.9996,0.9997,0.9997,0.9998,0.9998,0.9998
0.9998,0.9998,0.9999,0.9999,0.9999,0.9999,0.9999,0.9999,0.9999,0.9999
0.9999,1.0000,1.0000,1.0000,1.0000,1.0000,1.0000,1.0000,
hwc2v2fract=0.0000,0.0000,0.0000,0.0000,0.0000,0.0000,0.0000,0.0000
0.0000,0.0000,0.0000,0.0000,0.0000,0.0000,0.0000,0.0000,0.0000,0.0000
0.0000,0.0000,0.0000,0.0000,0.0001,0.0002,0.0008,0.0034,0.0107,0.0238
0.0417,0.0621,0.0837,0.1058,0.1284,0.1509,0.1740,0.1960,0.2183,0.2414
0.2634,0.2857,0.3076,0.3294,0.3518,0.3743,0.3964,0.4182,0.4402,0.4623
0.4839,0.5057,0.5273,0.5483,0.5690,0.5898,0.6099,0.6300,0.6501,0.6695
0.6889,0.7080,0.7262,0.7448,0.7625,0.7805,0.7978,0.8152,0.8320,0.8481
0.8640,0.8794,0.8935,0.9075,0.9203,0.9320,0.9422,0.9511,0.9582,0.9645
0.9694,0.9736,0.9768,0.9795,0.9820,0.9842,0.9860,0.9878,0.9892,0.9905
0.9918,0.9930,0.9939,0.9948,0.9956,0.9964,0.9970,0.9974,0.9978,0.9982
0.9985,0.9988,0.9990,0.9992,0.9993,0.9994,0.9995,0.9996,0.9996,0.9997
0.9997,0.9998,0.9998,0.9998,0.9998,0.9999,0.9999,0.9999,0.9999,0.9999
0.9999,1.0000,1.0000,1.0000,1.0000,1.0000,1.0000,1.0000,
