; For HKS DC test. Adapted from sdriftmap.param
; L.Yuan 06/07/2003
;
; Lookup table for Hall C drift chamber time to distance map.
;
;number of bins in Meek's time to distance lookup table
hdriftbins=126
;number of 1st bin in Meek's table in ns
hdrift1stbin=-50
;bin size in ns of Meek's table
hdriftbinsz=2
;
hwc1u1fract=0.0003,0.0007,0.0012,0.0018,0.0022,0.0029,0.0037,0.0045
0.0054,0.0065,0.0076,0.0090,0.0103,0.0117,0.0133,0.0150,0.0167,0.0186
0.0203,0.0220,0.0237,0.0257,0.0274,0.0294,0.0316,0.0344,0.0386,0.0444
0.0528,0.0633,0.0760,0.0903,0.1058,0.1244,0.1443,0.1649,0.1872,0.2095
0.2331,0.2569,0.2808,0.3042,0.3287,0.3523,0.3766,0.3999,0.4237,0.4469
0.4698,0.4926,0.5156,0.5387,0.5611,0.5833,0.6048,0.6260,0.6476,0.6689
0.6891,0.7086,0.7277,0.7471,0.7657,0.7838,0.8019,0.8198,0.8368,0.8530
0.8688,0.8836,0.8980,0.9105,0.9224,0.9326,0.9418,0.9494,0.9559,0.9613
0.9657,0.9694,0.9730,0.9761,0.9786,0.9809,0.9828,0.9848,0.9865,0.9880
0.9895,0.9905,0.9913,0.9918,0.9925,0.9930,0.9935,0.9938,0.9940,0.9943
0.9947,0.9950,0.9952,0.9956,0.9958,0.9960,0.9962,0.9964,0.9966,0.9967
0.9969,0.9971,0.9973,0.9975,0.9977,0.9978,0.9980,0.9983,0.9984,0.9986
0.9987,0.9989,0.9991,0.9993,0.9995,0.9996,0.9998,1.0000,
hwc1u2fract=0.0004,0.0007,0.0011,0.0015,0.0019,0.0025,0.0031,0.0039
0.0047,0.0057,0.0067,0.0078,0.0090,0.0101,0.0116,0.0131,0.0146,0.0162
0.0180,0.0198,0.0214,0.0233,0.0250,0.0269,0.0286,0.0310,0.0345,0.0397
0.0470,0.0562,0.0676,0.0807,0.0961,0.1130,0.1310,0.1511,0.1718,0.1946
0.2180,0.2421,0.2655,0.2903,0.3145,0.3383,0.3627,0.3874,0.4109,0.4344
0.4583,0.4818,0.5053,0.5287,0.5513,0.5743,0.5960,0.6173,0.6388,0.6591
0.6795,0.6994,0.7192,0.7385,0.7573,0.7753,0.7943,0.8123,0.8291,0.8455
0.8618,0.8780,0.8927,0.9061,0.9183,0.9284,0.9373,0.9453,0.9524,0.9578
0.9631,0.9673,0.9710,0.9740,0.9768,0.9791,0.9811,0.9830,0.9849,0.9864
0.9878,0.9892,0.9901,0.9910,0.9918,0.9924,0.9931,0.9936,0.9941,0.9945
0.9948,0.9951,0.9953,0.9956,0.9958,0.9960,0.9962,0.9964,0.9966,0.9968
0.9969,0.9971,0.9973,0.9976,0.9977,0.9979,0.9981,0.9983,0.9984,0.9987
0.9988,0.9990,0.9992,0.9994,0.9996,0.9997,0.9999,1.0000,
hwc1x1fract=0.0001,0.0003,0.0006,0.0009,0.0013,0.0018,0.0023,0.0031
0.0040,0.0052,0.0064,0.0080,0.0094,0.0111,0.0127,0.0140,0.0156,0.0170
0.0186,0.0201,0.0216,0.0230,0.0243,0.0257,0.0273,0.0289,0.0317,0.0359
0.0425,0.0522,0.0631,0.0775,0.0938,0.1123,0.1327,0.1546,0.1769,0.2004
0.2243,0.2487,0.2734,0.2978,0.3214,0.3456,0.3698,0.3925,0.4148,0.4381
0.4600,0.4826,0.5048,0.5266,0.5474,0.5684,0.5893,0.6102,0.6302,0.6501
0.6704,0.6904,0.7099,0.7303,0.7498,0.7683,0.7877,0.8067,0.8249,0.8431
0.8600,0.8762,0.8920,0.9063,0.9194,0.9311,0.9413,0.9501,0.9574,0.9637
0.9690,0.9735,0.9770,0.9804,0.9833,0.9857,0.9879,0.9898,0.9916,0.9928
0.9942,0.9951,0.9956,0.9960,0.9964,0.9967,0.9970,0.9973,0.9974,0.9976
0.9978,0.9979,0.9980,0.9981,0.9982,0.9984,0.9985,0.9986,0.9986,0.9987
0.9988,0.9988,0.9989,0.9989,0.9990,0.9991,0.9991,0.9992,0.9993,0.9993
0.9994,0.9995,0.9996,0.9997,0.9998,0.9999,0.9999,1.0000,
hwc1x2fract=0.0001,0.0003,0.0005,0.0008,0.0011,0.0016,0.0023,0.0030
0.0039,0.0052,0.0064,0.0077,0.0092,0.0108,0.0124,0.0141,0.0156,0.0173
0.0189,0.0204,0.0220,0.0236,0.0253,0.0268,0.0285,0.0306,0.0332,0.0379
0.0457,0.0554,0.0683,0.0835,0.1003,0.1189,0.1393,0.1608,0.1831,0.2054
0.2285,0.2524,0.2757,0.2992,0.3222,0.3467,0.3702,0.3935,0.4162,0.4394
0.4621,0.4843,0.5057,0.5278,0.5481,0.5699,0.5905,0.6113,0.6317,0.6524
0.6728,0.6928,0.7123,0.7328,0.7524,0.7715,0.7902,0.8083,0.8262,0.8437
0.8609,0.8775,0.8920,0.9061,0.9193,0.9306,0.9414,0.9503,0.9576,0.9643
0.9695,0.9737,0.9773,0.9804,0.9832,0.9854,0.9875,0.9892,0.9910,0.9926
0.9939,0.9948,0.9953,0.9959,0.9962,0.9965,0.9969,0.9971,0.9973,0.9975
0.9976,0.9978,0.9979,0.9980,0.9982,0.9982,0.9983,0.9984,0.9985,0.9986
0.9986,0.9987,0.9988,0.9988,0.9989,0.9990,0.9990,0.9991,0.9992,0.9992
0.9993,0.9995,0.9996,0.9997,0.9998,0.9998,0.9999,1.0000,
hwc1v1fract=0.0003,0.0007,0.0011,0.0015,0.0019,0.0023,0.0028,0.0035
0.0043,0.0053,0.0064,0.0076,0.0088,0.0104,0.0119,0.0134,0.0149,0.0167
0.0182,0.0198,0.0215,0.0234,0.0253,0.0271,0.0291,0.0313,0.0341,0.0382
0.0436,0.0513,0.0609,0.0723,0.0860,0.1020,0.1190,0.1379,0.1585,0.1801
0.2025,0.2254,0.2486,0.2730,0.2971,0.3214,0.3456,0.3690,0.3934,0.4176
0.4406,0.4640,0.4883,0.5113,0.5341,0.5558,0.5785,0.6007,0.6224,0.6443
0.6654,0.6854,0.7052,0.7243,0.7428,0.7617,0.7797,0.7973,0.8148,0.8328
0.8504,0.8664,0.8810,0.8952,0.9079,0.9198,0.9301,0.9393,0.9469,0.9535
0.9591,0.9639,0.9680,0.9711,0.9743,0.9771,0.9795,0.9816,0.9834,0.9851
0.9866,0.9879,0.9890,0.9901,0.9911,0.9918,0.9923,0.9929,0.9933,0.9939
0.9942,0.9946,0.9948,0.9952,0.9954,0.9955,0.9957,0.9960,0.9962,0.9964
0.9967,0.9969,0.9972,0.9974,0.9976,0.9978,0.9980,0.9981,0.9983,0.9985
0.9987,0.9989,0.9990,0.9992,0.9994,0.9996,0.9997,1.0000,
hwc1v2fract=0.0003,0.0005,0.0008,0.0013,0.0018,0.0024,0.0031,0.0038
0.0047,0.0057,0.0067,0.0080,0.0093,0.0106,0.0120,0.0135,0.0150,0.0167
0.0181,0.0199,0.0217,0.0234,0.0251,0.0271,0.0293,0.0317,0.0348,0.0399
0.0468,0.0563,0.0675,0.0807,0.0955,0.1122,0.1303,0.1500,0.1707,0.1925
0.2156,0.2389,0.2619,0.2859,0.3104,0.3344,0.3592,0.3841,0.4081,0.4320
0.4559,0.4792,0.5028,0.5250,0.5469,0.5696,0.5907,0.6133,0.6349,0.6570
0.6778,0.6973,0.7166,0.7358,0.7546,0.7735,0.7919,0.8093,0.8269,0.8436
0.8595,0.8745,0.8891,0.9027,0.9151,0.9260,0.9362,0.9446,0.9510,0.9570
0.9621,0.9664,0.9704,0.9735,0.9765,0.9789,0.9812,0.9832,0.9848,0.9865
0.9879,0.9892,0.9902,0.9910,0.9916,0.9924,0.9930,0.9935,0.9939,0.9942
0.9945,0.9947,0.9949,0.9952,0.9955,0.9958,0.9959,0.9962,0.9964,0.9967
0.9969,0.9971,0.9973,0.9974,0.9976,0.9978,0.9980,0.9981,0.9983,0.9985
0.9987,0.9989,0.9990,0.9992,0.9994,0.9996,0.9998,1.0000,
hwc2u1fract=0.0001,0.0001,0.0003,0.0004,0.0005,0.0006,0.0007,0.0008
0.0009,0.0010,0.0011,0.0012,0.0014,0.0015,0.0015,0.0017,0.0018,0.0020
0.0021,0.0023,0.0024,0.0026,0.0028,0.0033,0.0040,0.0054,0.0083,0.0135
0.0225,0.0345,0.0500,0.0680,0.0872,0.1077,0.1299,0.1521,0.1751,0.1978
0.2211,0.2459,0.2697,0.2933,0.3169,0.3394,0.3631,0.3866,0.4096,0.4326
0.4551,0.4778,0.5005,0.5227,0.5447,0.5668,0.5885,0.6095,0.6312,0.6525
0.6735,0.6949,0.7156,0.7358,0.7560,0.7761,0.7950,0.8140,0.8324,0.8508
0.8689,0.8853,0.9001,0.9142,0.9274,0.9390,0.9485,0.9569,0.9638,0.9692
0.9738,0.9777,0.9805,0.9832,0.9855,0.9875,0.9893,0.9910,0.9926,0.9938
0.9949,0.9958,0.9963,0.9967,0.9970,0.9972,0.9975,0.9977,0.9979,0.9981
0.9981,0.9982,0.9984,0.9985,0.9985,0.9985,0.9986,0.9987,0.9987,0.9988
0.9988,0.9989,0.9989,0.9990,0.9991,0.9991,0.9992,0.9992,0.9993,0.9994
0.9994,0.9995,0.9996,0.9997,0.9998,0.9999,0.9999,1.0000,
hwc2u2fract=0.0001,0.0002,0.0003,0.0004,0.0005,0.0006,0.0008,0.0009
0.0010,0.0012,0.0014,0.0016,0.0017,0.0018,0.0019,0.0021,0.0023,0.0024
0.0025,0.0027,0.0028,0.0031,0.0033,0.0036,0.0041,0.0051,0.0071,0.0110
0.0181,0.0286,0.0421,0.0579,0.0760,0.0951,0.1149,0.1371,0.1597,0.1831
0.2065,0.2302,0.2539,0.2787,0.3032,0.3264,0.3488,0.3718,0.3958,0.4190
0.4420,0.4649,0.4872,0.5090,0.5305,0.5529,0.5754,0.5982,0.6200,0.6412
0.6612,0.6829,0.7044,0.7255,0.7461,0.7662,0.7853,0.8045,0.8233,0.8418
0.8593,0.8765,0.8925,0.9077,0.9216,0.9338,0.9439,0.9527,0.9595,0.9655
0.9703,0.9744,0.9779,0.9809,0.9835,0.9859,0.9879,0.9897,0.9913,0.9926
0.9936,0.9947,0.9955,0.9960,0.9964,0.9967,0.9970,0.9971,0.9974,0.9975
0.9977,0.9977,0.9979,0.9980,0.9981,0.9982,0.9984,0.9984,0.9985,0.9986
0.9987,0.9988,0.9988,0.9989,0.9989,0.9990,0.9991,0.9992,0.9993,0.9994
0.9994,0.9995,0.9996,0.9997,0.9997,0.9998,0.9999,1.0000,
hwc2x1fract=0.0001,0.0001,0.0001,0.0002,0.0002,0.0003,0.0004,0.0005
0.0006,0.0007,0.0008,0.0008,0.0009,0.0009,0.0010,0.0011,0.0012,0.0013
0.0014,0.0015,0.0016,0.0017,0.0019,0.0022,0.0027,0.0038,0.0066,0.0119
0.0210,0.0339,0.0500,0.0686,0.0891,0.1106,0.1332,0.1563,0.1797,0.2025
0.2262,0.2492,0.2728,0.2950,0.3192,0.3422,0.3647,0.3874,0.4102,0.4330
0.4545,0.4768,0.4992,0.5215,0.5433,0.5654,0.5871,0.6086,0.6293,0.6505
0.6714,0.6923,0.7132,0.7342,0.7537,0.7733,0.7923,0.8112,0.8297,0.8482
0.8663,0.8828,0.8990,0.9136,0.9264,0.9384,0.9488,0.9575,0.9644,0.9701
0.9749,0.9787,0.9821,0.9852,0.9879,0.9898,0.9915,0.9930,0.9944,0.9956
0.9967,0.9976,0.9979,0.9983,0.9985,0.9987,0.9988,0.9989,0.9990,0.9990
0.9991,0.9991,0.9992,0.9993,0.9993,0.9993,0.9994,0.9995,0.9995,0.9995
0.9995,0.9995,0.9996,0.9996,0.9996,0.9997,0.9997,0.9998,0.9998,0.9998
0.9998,0.9999,0.9999,1.0000,1.0000,1.0000,1.0000,1.0000,
hwc2x2fract=0.0001,0.0001,0.0002,0.0002,0.0003,0.0004,0.0004,0.0005
0.0005,0.0006,0.0006,0.0007,0.0007,0.0008,0.0009,0.0010,0.0011,0.0011
0.0012,0.0013,0.0014,0.0015,0.0016,0.0021,0.0025,0.0039,0.0067,0.0128
0.0229,0.0366,0.0534,0.0723,0.0940,0.1156,0.1388,0.1614,0.1853,0.2091
0.2321,0.2563,0.2791,0.3020,0.3248,0.3469,0.3684,0.3911,0.4137,0.4365
0.4575,0.4799,0.5016,0.5236,0.5453,0.5666,0.5879,0.6095,0.6311,0.6513
0.6721,0.6930,0.7130,0.7339,0.7542,0.7742,0.7932,0.8130,0.8313,0.8491
0.8673,0.8843,0.9003,0.9150,0.9283,0.9397,0.9503,0.9589,0.9656,0.9714
0.9763,0.9803,0.9831,0.9857,0.9880,0.9901,0.9919,0.9935,0.9948,0.9958
0.9970,0.9978,0.9982,0.9985,0.9987,0.9988,0.9990,0.9991,0.9992,0.9992
0.9993,0.9994,0.9994,0.9994,0.9995,0.9995,0.9995,0.9995,0.9996,0.9996
0.9996,0.9996,0.9997,0.9997,0.9997,0.9998,0.9998,0.9998,0.9998,0.9998
0.9999,0.9999,0.9999,0.9999,0.9999,1.0000,1.0000,1.0000,
hwc2v1fract=0.0001,0.0002,0.0002,0.0003,0.0005,0.0006,0.0007,0.0009
0.0010,0.0011,0.0012,0.0013,0.0014,0.0015,0.0017,0.0019,0.0020,0.0022
0.0023,0.0025,0.0027,0.0028,0.0031,0.0035,0.0041,0.0056,0.0086,0.0147
0.0250,0.0388,0.0549,0.0723,0.0927,0.1137,0.1352,0.1577,0.1802,0.2036
0.2269,0.2516,0.2754,0.2981,0.3206,0.3440,0.3675,0.3904,0.4128,0.4356
0.4575,0.4794,0.5023,0.5254,0.5469,0.5689,0.5896,0.6107,0.6333,0.6554
0.6760,0.6965,0.7158,0.7354,0.7556,0.7743,0.7937,0.8124,0.8310,0.8491
0.8664,0.8829,0.8988,0.9126,0.9259,0.9369,0.9470,0.9553,0.9616,0.9676
0.9724,0.9766,0.9796,0.9829,0.9856,0.9876,0.9891,0.9906,0.9920,0.9932
0.9944,0.9953,0.9960,0.9966,0.9969,0.9972,0.9975,0.9977,0.9978,0.9980
0.9981,0.9982,0.9984,0.9985,0.9986,0.9986,0.9987,0.9987,0.9987,0.9988
0.9988,0.9989,0.9990,0.9991,0.9991,0.9992,0.9993,0.9993,0.9994,0.9994
0.9995,0.9996,0.9997,0.9998,0.9998,0.9999,1.0000,1.0000,
hwc2v2fract=0.0001,0.0002,0.0003,0.0005,0.0006,0.0007,0.0008,0.0010
0.0011,0.0013,0.0015,0.0016,0.0017,0.0019,0.0020,0.0021,0.0022,0.0024
0.0025,0.0026,0.0027,0.0029,0.0031,0.0035,0.0042,0.0060,0.0101,0.0175
0.0282,0.0423,0.0586,0.0779,0.0984,0.1199,0.1428,0.1650,0.1881,0.2117
0.2360,0.2595,0.2825,0.3058,0.3277,0.3511,0.3745,0.3974,0.4193,0.4425
0.4656,0.4871,0.5092,0.5308,0.5523,0.5739,0.5954,0.6163,0.6378,0.6598
0.6800,0.7006,0.7204,0.7402,0.7600,0.7789,0.7977,0.8157,0.8340,0.8525
0.8701,0.8860,0.9011,0.9154,0.9278,0.9390,0.9479,0.9560,0.9633,0.9685
0.9730,0.9768,0.9802,0.9829,0.9851,0.9874,0.9891,0.9909,0.9925,0.9937
0.9947,0.9956,0.9961,0.9966,0.9969,0.9972,0.9974,0.9976,0.9979,0.9980
0.9981,0.9982,0.9983,0.9984,0.9984,0.9985,0.9986,0.9987,0.9987,0.9988
0.9989,0.9990,0.9991,0.9992,0.9993,0.9993,0.9994,0.9995,0.9995,0.9996
0.9996,0.9997,0.9997,0.9998,0.9999,0.9999,1.0000,1.0000,
