; HKS Drift Chamber x-t conversion table
; Toshi Gogami , June2013
; Number of bins in Meek's time to distance lookup table
hdriftbins=126
; Number of 1st bin in Meek's table in ns
hdrift1stbin=-50
; Bin size in ns of Meek's table
hdriftbinsz=2
;

hwc1u1fract=0.000000000,0.000000000,0.000000000,0.000000000,
0.000000000,0.000000000,0.000000000,0.000000000,0.000000000,
0.000000000,0.000000000,0.000000000,0.000000000,0.000000000,
0.000000000,0.000000000,0.000000000,0.000000000,0.000000000,
0.000000000,0.000000000,0.000000000,0.005276410,0.013697400,
0.022660500,0.032188900,0.042305400,0.053031500,0.064387600,
0.076392100,0.089061600,0.102410000,0.116449000,0.131185000,
0.146623000,0.162762000,0.179599000,0.197121000,0.215316000,
0.234162000,0.253633000,0.273696000,0.294315000,0.315445000,
0.337038000,0.359039000,0.381390000,0.404028000,0.426886000,
0.449897000,0.472988000,0.496089000,0.519127000,0.542032000,
0.564733000,0.587163000,0.609260000,0.630963000,0.652217000,
0.672971000,0.693181000,0.712808000,0.731817000,0.750181000,
0.767878000,0.784892000,0.801211000,0.816830000,0.831746000,
0.845963000,0.859488000,0.872331000,0.884505000,0.896026000,
0.906912000,0.917183000,0.926860000,0.935966000,0.944524000,
0.952558000,0.960091000,0.967148000,0.973752000,0.979927000,
0.985696000,0.991082000,0.996106000,1.000000000,1.000000000,
1.000000000,1.000000000,1.000000000,1.000000000,1.000000000,
1.000000000,1.000000000,1.000000000,1.000000000,1.000000000,
1.000000000,1.000000000,1.000000000,1.000000000,1.000000000,
1.000000000,1.000000000,1.000000000,1.000000000,1.000000000,
1.000000000,1.000000000,1.000000000,1.000000000,1.000000000,
1.000000000,1.000000000,1.000000000,1.000000000,1.000000000,
1.000000000,1.000000000,1.000000000,1.000000000,1.000000000,
1.000000000,1.000000000,
hwc1u2fract=0.000000000,0.000000000,0.000000000,0.000000000,
0.000000000,0.000000000,0.000000000,0.000000000,0.000000000,
0.000000000,0.000000000,0.000000000,0.000000000,0.000000000,
0.000000000,0.000000000,0.000000000,0.000000000,0.000000000,
0.000000000,0.003918000,0.009921490,0.016389100,0.023349400,
0.030831800,0.038865600,0.047480400,0.056705500,0.066569600,
0.077100200,0.088323400,0.100263000,0.112942000,0.126376000,
0.140582000,0.155569000,0.171343000,0.187902000,0.205240000,
0.223343000,0.242190000,0.261752000,0.281995000,0.302872000,
0.324332000,0.346317000,0.368759000,0.391586000,0.414720000,
0.438079000,0.461577000,0.485125000,0.508635000,0.532019000,
0.555192000,0.578069000,0.600572000,0.622627000,0.644169000,
0.665134000,0.685472000,0.705137000,0.724091000,0.742304000,
0.759755000,0.776428000,0.792316000,0.807418000,0.821738000,
0.835284000,0.848072000,0.860119000,0.871445000,0.882076000,
0.892035000,0.901352000,0.910054000,0.918171000,0.925732000,
0.932767000,0.939305000,0.945375000,0.951004000,0.956220000,
0.961050000,0.965518000,0.969649000,0.973465000,0.976989000,
0.980240000,0.983239000,0.986004000,0.988551000,0.990898000,
0.993058000,0.995047000,0.996876000,0.998559000,1.000000000,
1.000000000,1.000000000,1.000000000,1.000000000,1.000000000,
1.000000000,1.000000000,1.000000000,1.000000000,1.000000000,
1.000000000,1.000000000,1.000000000,1.000000000,1.000000000,
1.000000000,1.000000000,1.000000000,1.000000000,1.000000000,
1.000000000,1.000000000,1.000000000,1.000000000,1.000000000,
1.000000000,1.000000000,
hwc1x1fract=0.000000000,0.000000000,0.000000000,0.000000000,
0.000000000,0.000000000,0.000000000,0.000000000,0.000000000,
0.000000000,0.000000000,0.000000000,0.000000000,0.000000000,
0.000000000,0.000000000,0.000000000,0.000000000,0.000000000,
0.000000000,0.000000000,0.000000000,0.000000000,0.000000000,
0.000000000,0.000000000,0.010604100,0.021979000,0.034036300,
0.046796300,0.060277100,0.074493700,0.089458000,0.105178000,
0.121657000,0.138894000,0.156882000,0.175610000,0.195058000,
0.215203000,0.236013000,0.257451000,0.279473000,0.302028000,
0.325060000,0.348507000,0.372303000,0.396375000,0.420648000,
0.445047000,0.469491000,0.493901000,0.518198000,0.542305000,
0.566146000,0.589649000,0.612747000,0.635376000,0.657480000,
0.679008000,0.699914000,0.720159000,0.739713000,0.758548000,
0.776647000,0.793996000,0.810587000,0.826419000,0.841495000,
0.855822000,0.869411000,0.882277000,0.894437000,0.905911000,
0.916723000,0.926894000,0.936451000,0.945418000,0.953823000,
0.961691000,0.969050000,0.975925000,0.982342000,0.988327000,
0.993904000,0.999098000,1.000000000,1.000000000,1.000000000,
1.000000000,1.000000000,1.000000000,1.000000000,1.000000000,
1.000000000,1.000000000,1.000000000,1.000000000,1.000000000,
1.000000000,1.000000000,1.000000000,1.000000000,1.000000000,
1.000000000,1.000000000,1.000000000,1.000000000,1.000000000,
1.000000000,1.000000000,1.000000000,1.000000000,1.000000000,
1.000000000,1.000000000,1.000000000,1.000000000,1.000000000,
1.000000000,1.000000000,1.000000000,1.000000000,1.000000000,
1.000000000,1.000000000,
hwc1x2fract=0.000000000,0.000000000,0.000000000,0.000000000,
0.000000000,0.000000000,0.000000000,0.000000000,0.000000000,
0.000000000,0.000000000,0.000000000,0.000000000,0.000000000,
0.000000000,0.000000000,0.000000000,0.000000000,0.000000000,
0.000000000,0.000000000,0.000000000,0.000000000,0.000000000,
0.000000000,0.008483880,0.018993500,0.030167400,0.042029300,
0.054601400,0.067903200,0.081951600,0.096760000,0.112338000,
0.128691000,0.145819000,0.163717000,0.182375000,0.201774000,
0.221891000,0.242695000,0.264149000,0.286208000,0.308822000,
0.331933000,0.355478000,0.379387000,0.403587000,0.428002000,
0.452551000,0.477152000,0.501724000,0.526183000,0.550449000,
0.574445000,0.598096000,0.621331000,0.644086000,0.666302000,
0.687925000,0.708910000,0.729217000,0.748814000,0.767675000,
0.785781000,0.803119000,0.819683000,0.835472000,0.850489000,
0.864743000,0.878246000,0.891015000,0.903068000,0.914426000,
0.925114000,0.935156000,0.944578000,0.953407000,0.961671000,
0.969397000,0.976611000,0.983343000,0.989617000,0.995461000,
1.000000000,1.000000000,1.000000000,1.000000000,1.000000000,
1.000000000,1.000000000,1.000000000,1.000000000,1.000000000,
1.000000000,1.000000000,1.000000000,1.000000000,1.000000000,
1.000000000,1.000000000,1.000000000,1.000000000,1.000000000,
1.000000000,1.000000000,1.000000000,1.000000000,1.000000000,
1.000000000,1.000000000,1.000000000,1.000000000,1.000000000,
1.000000000,1.000000000,1.000000000,1.000000000,1.000000000,
1.000000000,1.000000000,1.000000000,1.000000000,1.000000000,
1.000000000,1.000000000,
hwc1v1fract=0.000000000,0.000000000,0.000000000,0.000000000,
0.000000000,0.000000000,0.000000000,0.000000000,0.000000000,
0.000000000,0.000000000,0.000000000,0.000000000,0.000000000,
0.000000000,0.000000000,0.000000000,0.001810740,0.005768830,
0.010069200,0.014737900,0.019802400,0.025291500,0.031234900,
0.037663800,0.044609900,0.052105800,0.060184600,0.068879200,
0.078222500,0.088246700,0.098982500,0.110459000,0.122703000,
0.135738000,0.149584000,0.164255000,0.179762000,0.196108000,
0.213289000,0.231294000,0.250104000,0.269690000,0.290016000,
0.311035000,0.332691000,0.354920000,0.377650000,0.400799000,
0.424281000,0.448004000,0.471871000,0.495785000,0.519647000,
0.543356000,0.566819000,0.589943000,0.612641000,0.634834000,
0.656450000,0.677424000,0.697702000,0.717238000,0.735995000,
0.753945000,0.771071000,0.787360000,0.802811000,0.817427000,
0.831218000,0.844200000,0.856392000,0.867818000,0.878506000,
0.888483000,0.897782000,0.906435000,0.914474000,0.921932000,
0.928842000,0.935238000,0.941150000,0.946610000,0.951647000,
0.956290000,0.960567000,0.964503000,0.968123000,0.971451000,
0.974508000,0.977314000,0.979890000,0.982252000,0.984419000,
0.986404000,0.988223000,0.989889000,0.991415000,0.992812000,
0.994090000,0.995260000,0.996330000,0.997308000,0.998203000,
0.999022000,0.999770000,1.000000000,1.000000000,1.000000000,
1.000000000,1.000000000,1.000000000,1.000000000,1.000000000,
1.000000000,1.000000000,1.000000000,1.000000000,1.000000000,
1.000000000,1.000000000,1.000000000,1.000000000,1.000000000,
1.000000000,1.000000000,
hwc1v2fract=0.000000000,0.000000000,0.000000000,0.000000000,
0.000000000,0.000000000,0.000000000,0.000000000,0.000000000,
0.000000000,0.000000000,0.000000000,0.000000000,0.000000000,
0.000000000,0.000000000,0.000000000,0.000000000,0.000000000,
0.000000000,0.001929880,0.007844280,0.014229000,0.021114000,
0.028530200,0.036508500,0.045080200,0.054276200,0.064127000,
0.074661800,0.085908400,0.097892300,0.110637000,0.124161000,
0.138480000,0.153605000,0.169541000,0.186287000,0.203835000,
0.222170000,0.241269000,0.261100000,0.281624000,0.302792000,
0.324548000,0.346827000,0.369558000,0.392662000,0.416055000,
0.439648000,0.463351000,0.487069000,0.510710000,0.534180000,
0.557392000,0.580257000,0.602698000,0.624638000,0.646011000,
0.666759000,0.686829000,0.706179000,0.724774000,0.742590000,
0.759608000,0.775818000,0.791217000,0.805807000,0.819598000,
0.832604000,0.844842000,0.856335000,0.867107000,0.877186000,
0.886599000,0.895378000,0.903553000,0.911156000,0.918217000,
0.924767000,0.930837000,0.936456000,0.941653000,0.946455000,
0.950889000,0.954980000,0.958752000,0.962227000,0.965428000,
0.968374000,0.971084000,0.973576000,0.975866000,0.977971000,
0.979904000,0.981679000,0.983308000,0.984803000,0.986174000,
0.987432000,0.988586000,0.989644000,0.990613000,0.991502000,
0.992316000,0.993063000,0.993746000,0.994373000,0.994946000,
0.995472000,0.995953000,0.996394000,0.996797000,0.997166000,
0.997505000,0.997814000,0.998098000,0.998357000,0.998595000,
0.998812000,0.999011000,0.999193000,0.999360000,0.999513000,
0.999652000,0.999780000,
hwc2u1fract=0.000000000,0.000000000,0.000000000,0.000000000,
0.000000000,0.000000000,0.000000000,0.000000000,0.000000000,
0.000000000,0.000000000,0.000000000,0.000000000,0.000000000,
0.000000000,0.000000000,0.000000000,0.000000000,0.000000000,
0.000000000,0.000000000,0.000000000,0.000000000,0.000000000,
0.000000000,0.010907100,0.022932000,0.035593700,0.048906100,
0.062881100,0.077527800,0.092852300,0.108858000,0.125543000,
0.142903000,0.160929000,0.179607000,0.198919000,0.218842000,
0.239347000,0.260401000,0.281967000,0.304000000,0.326454000,
0.349277000,0.372414000,0.395805000,0.419391000,0.443106000,
0.466886000,0.490666000,0.514380000,0.537963000,0.561351000,
0.584484000,0.607302000,0.629750000,0.651776000,0.673334000,
0.694380000,0.714877000,0.734791000,0.754094000,0.772762000,
0.790778000,0.808128000,0.824803000,0.840798000,0.856113000,
0.870749000,0.884714000,0.898017000,0.910669000,0.922685000,
0.934080000,0.944872000,0.955081000,0.964727000,0.973829000,
0.982411000,0.990493000,0.998098000,1.000000000,1.000000000,
1.000000000,1.000000000,1.000000000,1.000000000,1.000000000,
1.000000000,1.000000000,1.000000000,1.000000000,1.000000000,
1.000000000,1.000000000,1.000000000,1.000000000,1.000000000,
1.000000000,1.000000000,1.000000000,1.000000000,1.000000000,
1.000000000,1.000000000,1.000000000,1.000000000,1.000000000,
1.000000000,1.000000000,1.000000000,1.000000000,1.000000000,
1.000000000,1.000000000,1.000000000,1.000000000,1.000000000,
1.000000000,1.000000000,1.000000000,1.000000000,1.000000000,
1.000000000,1.000000000,
hwc2u2fract=0.000000000,0.000000000,0.000000000,0.000000000,
0.000000000,0.000000000,0.000000000,0.000000000,0.000000000,
0.000000000,0.000000000,0.000000000,0.000000000,0.000000000,
0.000000000,0.000000000,0.000000000,0.000000000,0.000000000,
0.000000000,0.000000000,0.000000000,0.000000000,0.002326180,
0.010992200,0.020257800,0.030151000,0.040699300,0.051928900,
0.063864400,0.076528300,0.089940400,0.104117000,0.119072000,
0.134813000,0.151345000,0.168664000,0.186764000,0.205630000,
0.225241000,0.245569000,0.266577000,0.288224000,0.310458000,
0.333223000,0.356454000,0.380081000,0.404029000,0.428219000,
0.452568000,0.476990000,0.501400000,0.525712000,0.549841000,
0.573704000,0.597225000,0.620328000,0.642946000,0.665016000,
0.686484000,0.707300000,0.727425000,0.746824000,0.765471000,
0.783347000,0.800440000,0.816743000,0.832257000,0.846987000,
0.860942000,0.874136000,0.886588000,0.898318000,0.909349000,
0.919705000,0.929415000,0.938505000,0.947003000,0.954939000,
0.962341000,0.969238000,0.975658000,0.981628000,0.987175000,
0.992324000,0.997101000,1.000000000,1.000000000,1.000000000,
1.000000000,1.000000000,1.000000000,1.000000000,1.000000000,
1.000000000,1.000000000,1.000000000,1.000000000,1.000000000,
1.000000000,1.000000000,1.000000000,1.000000000,1.000000000,
1.000000000,1.000000000,1.000000000,1.000000000,1.000000000,
1.000000000,1.000000000,1.000000000,1.000000000,1.000000000,
1.000000000,1.000000000,1.000000000,1.000000000,1.000000000,
1.000000000,1.000000000,1.000000000,1.000000000,1.000000000,
1.000000000,1.000000000,
hwc2x1fract=0.000000000,0.000000000,0.000000000,0.000000000,
0.000000000,0.000000000,0.000000000,0.000000000,0.000000000,
0.000000000,0.000000000,0.000000000,0.000000000,0.000000000,
0.000000000,0.000000000,0.000000000,0.000000000,0.000000000,
0.000000000,0.000000000,0.000000000,0.000000000,0.000000000,
0.000000000,0.000072908,0.012694200,0.025955300,0.039867800,
0.054441000,0.069681500,0.085592600,0.102174000,0.119423000,
0.137330000,0.155884000,0.175068000,0.194862000,0.215239000,
0.236169000,0.257616000,0.279540000,0.301898000,0.324640000,
0.347715000,0.371067000,0.394637000,0.418366000,0.442190000,
0.466047000,0.489872000,0.513602000,0.537176000,0.560532000,
0.583612000,0.606360000,0.628724000,0.650656000,0.672112000,
0.693050000,0.713436000,0.733240000,0.752434000,0.770999000,
0.788917000,0.806176000,0.822769000,0.838691000,0.853942000,
0.868526000,0.882450000,0.895721000,0.908353000,0.920358000,
0.931754000,0.942556000,0.952783000,0.962456000,0.971593000,
0.980216000,0.988346000,0.996004000,1.000000000,1.000000000,
1.000000000,1.000000000,1.000000000,1.000000000,1.000000000,
1.000000000,1.000000000,1.000000000,1.000000000,1.000000000,
1.000000000,1.000000000,1.000000000,1.000000000,1.000000000,
1.000000000,1.000000000,1.000000000,1.000000000,1.000000000,
1.000000000,1.000000000,1.000000000,1.000000000,1.000000000,
1.000000000,1.000000000,1.000000000,1.000000000,1.000000000,
1.000000000,1.000000000,1.000000000,1.000000000,1.000000000,
1.000000000,1.000000000,1.000000000,1.000000000,1.000000000,
1.000000000,1.000000000,
hwc2x2fract=0.000000000,0.000000000,0.000000000,0.000000000,
0.000000000,0.000000000,0.000000000,0.000000000,0.000000000,
0.000000000,0.000000000,0.000000000,0.000000000,0.000000000,
0.000000000,0.000000000,0.000000000,0.000000000,0.000000000,
0.000000000,0.000000000,0.000000000,0.000000000,0.000000000,
0.000000000,0.005377020,0.017840900,0.030993700,0.044851300,
0.059426500,0.074729200,0.090765400,0.107537000,0.125043000,
0.143275000,0.162220000,0.181863000,0.202178000,0.223136000,
0.244704000,0.266839000,0.289494000,0.312619000,0.336156000,
0.360042000,0.384214000,0.408600000,0.433130000,0.457731000,
0.482328000,0.506848000,0.531217000,0.555364000,0.579221000,
0.602721000,0.625804000,0.648412000,0.670495000,0.692007000,
0.712906000,0.733159000,0.752736000,0.771615000,0.789778000,
0.807215000,0.823917000,0.839884000,0.855117000,0.869624000,
0.883414000,0.896501000,0.908901000,0.920631000,0.931713000,
0.942167000,0.952017000,0.961286000,0.969998000,0.978179000,
0.985853000,0.993044000,0.999778000,1.000000000,1.000000000,
1.000000000,1.000000000,1.000000000,1.000000000,1.000000000,
1.000000000,1.000000000,1.000000000,1.000000000,1.000000000,
1.000000000,1.000000000,1.000000000,1.000000000,1.000000000,
1.000000000,1.000000000,1.000000000,1.000000000,1.000000000,
1.000000000,1.000000000,1.000000000,1.000000000,1.000000000,
1.000000000,1.000000000,1.000000000,1.000000000,1.000000000,
1.000000000,1.000000000,1.000000000,1.000000000,1.000000000,
1.000000000,1.000000000,1.000000000,1.000000000,1.000000000,
1.000000000,1.000000000,
hwc2v1fract=0.000000000,0.000000000,0.000000000,0.000000000,
0.000000000,0.000000000,0.000000000,0.000000000,0.000000000,
0.000000000,0.000000000,0.000000000,0.000000000,0.000000000,
0.000000000,0.000000000,0.000000000,0.000000000,0.000000000,
0.000000000,0.000000000,0.000000000,0.000000000,0.000000000,
0.008162170,0.019045900,0.030534800,0.042646400,0.055396300,
0.068798200,0.082863400,0.097600600,0.113015000,0.129109000,
0.145882000,0.163327000,0.181434000,0.200189000,0.219573000,
0.239562000,0.260126000,0.281231000,0.302838000,0.324904000,
0.347379000,0.370213000,0.393348000,0.416726000,0.440285000,
0.463961000,0.487689000,0.511403000,0.535038000,0.558529000,
0.581814000,0.604830000,0.627522000,0.649833000,0.671714000,
0.693117000,0.714001000,0.734330000,0.754070000,0.773195000,
0.791683000,0.809517000,0.826683000,0.843173000,0.858985000,
0.874117000,0.888574000,0.902362000,0.915491000,0.927974000,
0.939825000,0.951060000,0.961697000,0.971756000,0.981258000,
0.990222000,0.998670000,1.000000000,1.000000000,1.000000000,
1.000000000,1.000000000,1.000000000,1.000000000,1.000000000,
1.000000000,1.000000000,1.000000000,1.000000000,1.000000000,
1.000000000,1.000000000,1.000000000,1.000000000,1.000000000,
1.000000000,1.000000000,1.000000000,1.000000000,1.000000000,
1.000000000,1.000000000,1.000000000,1.000000000,1.000000000,
1.000000000,1.000000000,1.000000000,1.000000000,1.000000000,
1.000000000,1.000000000,1.000000000,1.000000000,1.000000000,
1.000000000,1.000000000,1.000000000,1.000000000,1.000000000,
1.000000000,1.000000000,
hwc2v2fract=0.000000000,0.000000000,0.000000000,0.000000000,
0.000000000,0.000000000,0.000000000,0.000000000,0.000000000,
0.000000000,0.000000000,0.000000000,0.000000000,0.000000000,
0.000000000,0.000000000,0.000000000,0.000000000,0.000000000,
0.000000000,0.000000000,0.000000000,0.000000000,0.000000000,
0.000000000,0.008717940,0.021566100,0.035073300,0.049250900,
0.064107300,0.079647900,0.095874600,0.112785000,0.130374000,
0.148631000,0.167539000,0.187080000,0.207227000,0.227952000,
0.249218000,0.270985000,0.293208000,0.315838000,0.338821000,
0.362099000,0.385612000,0.409298000,0.433090000,0.456923000,
0.480731000,0.504446000,0.528004000,0.551341000,0.574396000,
0.597111000,0.619431000,0.641306000,0.662689000,0.683539000,
0.703820000,0.723501000,0.742555000,0.760960000,0.778701000,
0.795767000,0.812149000,0.827845000,0.842856000,0.857187000,
0.870845000,0.883841000,0.896189000,0.907904000,0.919002000,
0.929503000,0.939427000,0.948794000,0.957626000,0.965945000,
0.973773000,0.981132000,0.988044000,0.994532000,1.000000000,
1.000000000,1.000000000,1.000000000,1.000000000,1.000000000,
1.000000000,1.000000000,1.000000000,1.000000000,1.000000000,
1.000000000,1.000000000,1.000000000,1.000000000,1.000000000,
1.000000000,1.000000000,1.000000000,1.000000000,1.000000000,
1.000000000,1.000000000,1.000000000,1.000000000,1.000000000,
1.000000000,1.000000000,1.000000000,1.000000000,1.000000000,
1.000000000,1.000000000,1.000000000,1.000000000,1.000000000,
1.000000000,1.000000000,1.000000000,1.000000000,1.000000000,
1.000000000,1.000000000,