; For HKS DC test. Adapted from sdriftmap.param
; L.Yuan 06/07/2003
;
; Lookup table for Hall C drift chamber time to distance map.
;
;number of bins in Meek's time to distance lookup table
hdriftbins=126
;number of 1st bin in Meek's table in ns
hdrift1stbin=-50
;bin size in ns of Meek's table
hdriftbinsz=2
;
hwc1u1fract=0.0003,0.0007,0.0011,0.0015,0.0020,0.0027,0.0035,0.0046
0.0056,0.0067,0.0078,0.0093,0.0107,0.0121,0.0137,0.0156,0.0174,0.0188
0.0204,0.0222,0.0240,0.0257,0.0275,0.0294,0.0313,0.0337,0.0380,0.0441
0.0527,0.0632,0.0757,0.0906,0.1077,0.1259,0.1461,0.1680,0.1898,0.2120
0.2344,0.2586,0.2826,0.3075,0.3310,0.3549,0.3785,0.4019,0.4257,0.4488
0.4720,0.4943,0.5171,0.5396,0.5624,0.5841,0.6062,0.6271,0.6480,0.6693
0.6893,0.7098,0.7286,0.7473,0.7656,0.7844,0.8018,0.8196,0.8363,0.8535
0.8700,0.8855,0.8996,0.9121,0.9230,0.9332,0.9422,0.9499,0.9558,0.9614
0.9659,0.9699,0.9735,0.9761,0.9786,0.9809,0.9826,0.9845,0.9858,0.9873
0.9885,0.9895,0.9905,0.9911,0.9916,0.9924,0.9929,0.9932,0.9936,0.9939
0.9943,0.9945,0.9947,0.9949,0.9952,0.9955,0.9958,0.9960,0.9962,0.9964
0.9966,0.9968,0.9969,0.9971,0.9973,0.9975,0.9976,0.9979,0.9981,0.9983
0.9984,0.9986,0.9989,0.9991,0.9994,0.9996,0.9998,1.0000,
hwc1u2fract=0.0003,0.0007,0.0011,0.0016,0.0020,0.0025,0.0032,0.0038
0.0048,0.0058,0.0069,0.0082,0.0094,0.0108,0.0121,0.0136,0.0152,0.0169
0.0186,0.0203,0.0221,0.0239,0.0257,0.0274,0.0295,0.0317,0.0352,0.0401
0.0471,0.0563,0.0674,0.0813,0.0970,0.1148,0.1337,0.1536,0.1740,0.1964
0.2193,0.2433,0.2675,0.2914,0.3159,0.3393,0.3630,0.3866,0.4105,0.4330
0.4584,0.4822,0.5048,0.5279,0.5501,0.5723,0.5945,0.6163,0.6373,0.6584
0.6788,0.6984,0.7180,0.7376,0.7553,0.7738,0.7926,0.8109,0.8287,0.8459
0.8621,0.8779,0.8924,0.9058,0.9181,0.9286,0.9376,0.9453,0.9516,0.9576
0.9628,0.9670,0.9707,0.9741,0.9765,0.9790,0.9812,0.9832,0.9848,0.9864
0.9878,0.9890,0.9899,0.9907,0.9913,0.9918,0.9923,0.9929,0.9932,0.9936
0.9940,0.9944,0.9947,0.9949,0.9952,0.9954,0.9956,0.9958,0.9961,0.9963
0.9965,0.9967,0.9970,0.9971,0.9973,0.9976,0.9976,0.9979,0.9981,0.9983
0.9986,0.9987,0.9988,0.9990,0.9993,0.9995,0.9997,1.0000,
hwc1x1fract=0.0002,0.0005,0.0007,0.0011,0.0016,0.0021,0.0027,0.0036
0.0044,0.0054,0.0066,0.0080,0.0098,0.0114,0.0129,0.0145,0.0161,0.0179
0.0193,0.0209,0.0224,0.0236,0.0250,0.0266,0.0280,0.0297,0.0320,0.0362
0.0432,0.0527,0.0648,0.0799,0.0964,0.1154,0.1344,0.1559,0.1788,0.2029
0.2265,0.2499,0.2743,0.2982,0.3222,0.3453,0.3681,0.3911,0.4141,0.4371
0.4591,0.4809,0.5038,0.5255,0.5469,0.5675,0.5887,0.6086,0.6286,0.6494
0.6692,0.6892,0.7094,0.7294,0.7487,0.7674,0.7861,0.8053,0.8231,0.8413
0.8588,0.8756,0.8914,0.9063,0.9192,0.9304,0.9404,0.9490,0.9564,0.9626
0.9679,0.9724,0.9763,0.9796,0.9823,0.9848,0.9868,0.9887,0.9905,0.9922
0.9935,0.9946,0.9953,0.9958,0.9961,0.9965,0.9967,0.9969,0.9971,0.9974
0.9975,0.9977,0.9978,0.9979,0.9980,0.9980,0.9981,0.9982,0.9983,0.9984
0.9984,0.9985,0.9986,0.9987,0.9988,0.9988,0.9989,0.9990,0.9991,0.9992
0.9994,0.9995,0.9996,0.9997,0.9998,0.9999,1.0000,1.0000,
hwc1x2fract=0.0002,0.0004,0.0006,0.0009,0.0013,0.0018,0.0025,0.0034
0.0044,0.0056,0.0071,0.0086,0.0102,0.0119,0.0134,0.0149,0.0165,0.0178
0.0192,0.0207,0.0222,0.0238,0.0249,0.0262,0.0277,0.0296,0.0327,0.0376
0.0451,0.0553,0.0687,0.0838,0.1020,0.1217,0.1423,0.1637,0.1869,0.2102
0.2342,0.2573,0.2815,0.3050,0.3282,0.3516,0.3750,0.3977,0.4208,0.4434
0.4653,0.4873,0.5091,0.5312,0.5531,0.5742,0.5954,0.6161,0.6367,0.6574
0.6769,0.6967,0.7162,0.7354,0.7546,0.7738,0.7920,0.8105,0.8287,0.8470
0.8637,0.8800,0.8955,0.9094,0.9220,0.9333,0.9433,0.9524,0.9594,0.9656
0.9706,0.9747,0.9782,0.9813,0.9839,0.9860,0.9879,0.9898,0.9912,0.9925
0.9938,0.9948,0.9954,0.9960,0.9963,0.9966,0.9968,0.9970,0.9971,0.9973
0.9975,0.9976,0.9977,0.9978,0.9979,0.9980,0.9981,0.9982,0.9983,0.9984
0.9985,0.9987,0.9987,0.9988,0.9989,0.9991,0.9992,0.9992,0.9993,0.9994
0.9995,0.9996,0.9997,0.9997,0.9998,0.9998,0.9999,1.0000,
hwc1v1fract=0.0002,0.0005,0.0008,0.0013,0.0018,0.0023,0.0031,0.0038
0.0045,0.0056,0.0067,0.0080,0.0095,0.0107,0.0122,0.0138,0.0154,0.0172
0.0191,0.0209,0.0226,0.0243,0.0261,0.0280,0.0298,0.0318,0.0348,0.0388
0.0447,0.0528,0.0630,0.0751,0.0886,0.1048,0.1221,0.1415,0.1619,0.1828
0.2053,0.2280,0.2509,0.2751,0.2998,0.3239,0.3480,0.3721,0.3953,0.4195
0.4444,0.4680,0.4917,0.5144,0.5368,0.5586,0.5811,0.6033,0.6245,0.6454
0.6657,0.6859,0.7050,0.7243,0.7436,0.7626,0.7801,0.7978,0.8159,0.8342
0.8507,0.8669,0.8821,0.8969,0.9097,0.9214,0.9320,0.9400,0.9478,0.9542
0.9596,0.9641,0.9683,0.9718,0.9746,0.9774,0.9797,0.9818,0.9838,0.9855
0.9871,0.9884,0.9895,0.9904,0.9911,0.9919,0.9924,0.9929,0.9933,0.9939
0.9943,0.9947,0.9951,0.9953,0.9955,0.9957,0.9960,0.9962,0.9964,0.9966
0.9968,0.9970,0.9971,0.9973,0.9976,0.9978,0.9981,0.9983,0.9985,0.9987
0.9988,0.9990,0.9992,0.9994,0.9995,0.9997,0.9999,1.0000,
hwc1v2fract=0.0004,0.0007,0.0010,0.0015,0.0020,0.0024,0.0030,0.0039
0.0048,0.0057,0.0067,0.0079,0.0091,0.0106,0.0121,0.0136,0.0152,0.0166
0.0183,0.0199,0.0217,0.0235,0.0253,0.0272,0.0293,0.0315,0.0349,0.0397
0.0466,0.0554,0.0667,0.0803,0.0962,0.1131,0.1318,0.1514,0.1728,0.1946
0.2178,0.2415,0.2655,0.2901,0.3137,0.3382,0.3621,0.3857,0.4096,0.4324
0.4555,0.4786,0.5022,0.5245,0.5471,0.5696,0.5927,0.6156,0.6376,0.6581
0.6785,0.6989,0.7181,0.7375,0.7558,0.7744,0.7931,0.8104,0.8278,0.8443
0.8603,0.8754,0.8900,0.9032,0.9159,0.9264,0.9366,0.9443,0.9517,0.9579
0.9630,0.9671,0.9708,0.9740,0.9767,0.9790,0.9814,0.9832,0.9849,0.9865
0.9879,0.9893,0.9902,0.9910,0.9916,0.9922,0.9927,0.9933,0.9936,0.9941
0.9945,0.9948,0.9951,0.9954,0.9956,0.9958,0.9961,0.9962,0.9964,0.9967
0.9969,0.9972,0.9974,0.9976,0.9977,0.9979,0.9981,0.9982,0.9984,0.9986
0.9988,0.9989,0.9991,0.9992,0.9995,0.9997,0.9999,1.0000,
hwc2u1fract=0.0001,0.0002,0.0003,0.0004,0.0006,0.0007,0.0008,0.0009
0.0011,0.0012,0.0013,0.0015,0.0016,0.0018,0.0020,0.0022,0.0023,0.0025
0.0026,0.0028,0.0030,0.0032,0.0035,0.0040,0.0046,0.0060,0.0091,0.0149
0.0248,0.0375,0.0537,0.0721,0.0920,0.1128,0.1352,0.1578,0.1810,0.2042
0.2273,0.2508,0.2727,0.2958,0.3189,0.3410,0.3636,0.3867,0.4095,0.4317
0.4550,0.4779,0.4999,0.5220,0.5440,0.5654,0.5873,0.6081,0.6296,0.6504
0.6717,0.6926,0.7128,0.7335,0.7540,0.7743,0.7940,0.8131,0.8317,0.8499
0.8678,0.8844,0.9005,0.9149,0.9280,0.9399,0.9498,0.9582,0.9654,0.9708
0.9754,0.9788,0.9817,0.9847,0.9868,0.9886,0.9902,0.9916,0.9928,0.9941
0.9952,0.9960,0.9966,0.9968,0.9971,0.9974,0.9976,0.9977,0.9979,0.9980
0.9981,0.9982,0.9983,0.9983,0.9984,0.9984,0.9985,0.9985,0.9986,0.9987
0.9988,0.9988,0.9989,0.9989,0.9990,0.9991,0.9992,0.9992,0.9993,0.9994
0.9995,0.9995,0.9996,0.9996,0.9997,0.9999,0.9999,1.0000,
hwc2u2fract=0.0001,0.0002,0.0003,0.0004,0.0005,0.0006,0.0007,0.0009
0.0011,0.0013,0.0014,0.0016,0.0017,0.0018,0.0020,0.0021,0.0023,0.0024
0.0025,0.0027,0.0029,0.0031,0.0033,0.0036,0.0042,0.0052,0.0071,0.0113
0.0184,0.0283,0.0414,0.0571,0.0755,0.0946,0.1162,0.1386,0.1623,0.1858
0.2090,0.2338,0.2592,0.2830,0.3065,0.3300,0.3537,0.3776,0.4010,0.4242
0.4472,0.4689,0.4914,0.5141,0.5366,0.5585,0.5807,0.6015,0.6228,0.6446
0.6658,0.6865,0.7070,0.7282,0.7479,0.7677,0.7870,0.8064,0.8249,0.8434
0.8608,0.8775,0.8933,0.9086,0.9217,0.9335,0.9442,0.9529,0.9601,0.9662
0.9714,0.9752,0.9789,0.9818,0.9842,0.9863,0.9883,0.9900,0.9917,0.9929
0.9939,0.9948,0.9955,0.9961,0.9967,0.9970,0.9972,0.9974,0.9975,0.9977
0.9978,0.9980,0.9981,0.9982,0.9983,0.9984,0.9985,0.9985,0.9986,0.9987
0.9987,0.9988,0.9989,0.9989,0.9990,0.9990,0.9991,0.9991,0.9992,0.9994
0.9995,0.9995,0.9996,0.9997,0.9997,0.9998,0.9999,1.0000,
hwc2x1fract=0.0001,0.0001,0.0002,0.0003,0.0003,0.0004,0.0005,0.0005
0.0005,0.0006,0.0007,0.0008,0.0009,0.0010,0.0010,0.0010,0.0011,0.0012
0.0013,0.0014,0.0015,0.0016,0.0017,0.0020,0.0025,0.0036,0.0061,0.0113
0.0198,0.0320,0.0482,0.0667,0.0871,0.1085,0.1305,0.1533,0.1767,0.2004
0.2238,0.2469,0.2709,0.2936,0.3160,0.3394,0.3619,0.3839,0.4058,0.4279
0.4495,0.4712,0.4932,0.5143,0.5371,0.5589,0.5815,0.6035,0.6251,0.6467
0.6671,0.6889,0.7090,0.7292,0.7505,0.7705,0.7897,0.8089,0.8276,0.8470
0.8643,0.8817,0.8978,0.9132,0.9272,0.9388,0.9486,0.9572,0.9639,0.9700
0.9751,0.9793,0.9827,0.9852,0.9873,0.9893,0.9911,0.9928,0.9943,0.9954
0.9967,0.9975,0.9979,0.9982,0.9985,0.9987,0.9989,0.9990,0.9990,0.9991
0.9992,0.9993,0.9993,0.9993,0.9994,0.9994,0.9994,0.9994,0.9995,0.9995
0.9995,0.9995,0.9996,0.9996,0.9996,0.9996,0.9997,0.9997,0.9997,0.9998
0.9998,0.9998,0.9999,0.9999,0.9999,0.9999,0.9999,1.0000,
hwc2x2fract=0.0001,0.0001,0.0002,0.0002,0.0003,0.0003,0.0004,0.0004
0.0005,0.0006,0.0007,0.0007,0.0008,0.0009,0.0010,0.0011,0.0011,0.0012
0.0012,0.0013,0.0014,0.0014,0.0016,0.0019,0.0027,0.0041,0.0074,0.0143
0.0253,0.0404,0.0586,0.0785,0.1005,0.1233,0.1463,0.1695,0.1926,0.2153
0.2386,0.2617,0.2855,0.3087,0.3302,0.3525,0.3748,0.3976,0.4196,0.4419
0.4634,0.4853,0.5066,0.5286,0.5499,0.5722,0.5934,0.6147,0.6353,0.6567
0.6769,0.6977,0.7173,0.7369,0.7567,0.7763,0.7957,0.8150,0.8336,0.8518
0.8696,0.8864,0.9016,0.9163,0.9300,0.9415,0.9519,0.9594,0.9662,0.9717
0.9762,0.9802,0.9834,0.9861,0.9886,0.9905,0.9922,0.9938,0.9951,0.9964
0.9975,0.9983,0.9986,0.9988,0.9989,0.9990,0.9991,0.9991,0.9992,0.9993
0.9993,0.9993,0.9993,0.9994,0.9994,0.9994,0.9994,0.9995,0.9995,0.9995
0.9995,0.9995,0.9996,0.9996,0.9996,0.9997,0.9997,0.9998,0.9998,0.9998
0.9999,0.9999,0.9999,0.9999,1.0000,1.0000,1.0000,1.0000,
hwc2v1fract=0.0001,0.0002,0.0004,0.0005,0.0006,0.0007,0.0008,0.0010
0.0011,0.0012,0.0013,0.0015,0.0017,0.0018,0.0020,0.0021,0.0023,0.0025
0.0027,0.0029,0.0030,0.0032,0.0035,0.0039,0.0047,0.0063,0.0095,0.0160
0.0264,0.0407,0.0573,0.0762,0.0965,0.1174,0.1389,0.1612,0.1844,0.2063
0.2300,0.2541,0.2767,0.3000,0.3233,0.3459,0.3678,0.3909,0.4138,0.4366
0.4593,0.4809,0.5034,0.5263,0.5481,0.5694,0.5906,0.6120,0.6328,0.6530
0.6739,0.6945,0.7145,0.7350,0.7546,0.7737,0.7930,0.8124,0.8314,0.8496
0.8677,0.8849,0.9005,0.9153,0.9281,0.9389,0.9489,0.9574,0.9640,0.9695
0.9740,0.9780,0.9812,0.9838,0.9859,0.9878,0.9893,0.9909,0.9925,0.9938
0.9949,0.9960,0.9966,0.9970,0.9973,0.9975,0.9977,0.9979,0.9981,0.9982
0.9983,0.9983,0.9984,0.9985,0.9986,0.9986,0.9987,0.9987,0.9988,0.9988
0.9989,0.9990,0.9990,0.9991,0.9991,0.9992,0.9992,0.9992,0.9993,0.9994
0.9995,0.9995,0.9996,0.9997,0.9998,0.9998,1.0000,1.0000,
hwc2v2fract=0.0001,0.0002,0.0003,0.0003,0.0005,0.0006,0.0008,0.0009
0.0011,0.0011,0.0012,0.0013,0.0014,0.0015,0.0017,0.0019,0.0020,0.0022
0.0023,0.0024,0.0026,0.0028,0.0030,0.0035,0.0043,0.0061,0.0104,0.0181
0.0300,0.0455,0.0637,0.0841,0.1057,0.1273,0.1499,0.1728,0.1963,0.2194
0.2422,0.2664,0.2897,0.3128,0.3359,0.3582,0.3810,0.4020,0.4248,0.4470
0.4687,0.4910,0.5129,0.5352,0.5572,0.5793,0.6016,0.6234,0.6445,0.6655
0.6864,0.7065,0.7270,0.7459,0.7647,0.7842,0.8035,0.8216,0.8398,0.8574
0.8743,0.8902,0.9057,0.9201,0.9324,0.9427,0.9519,0.9600,0.9662,0.9716
0.9758,0.9794,0.9823,0.9848,0.9870,0.9889,0.9904,0.9918,0.9931,0.9942
0.9953,0.9961,0.9967,0.9971,0.9973,0.9975,0.9977,0.9979,0.9980,0.9981
0.9982,0.9983,0.9983,0.9985,0.9985,0.9986,0.9986,0.9987,0.9988,0.9988
0.9989,0.9989,0.9990,0.9991,0.9991,0.9992,0.9992,0.9993,0.9994,0.9995
0.9995,0.9996,0.9997,0.9997,0.9998,0.9998,0.9999,1.0000,
