; For HKS DC test. Adapted from sdriftmap.param
; L.Yuan 06/07/2003
;
; Lookup table for Hall C drift chamber time to distance map.
;
;number of bins in Meek's time to distance lookup table
hdriftbins=126
;number of 1st bin in Meek's table in ns
hdrift1stbin=-50
;bin size in ns of Meek's table
hdriftbinsz=2
;
hwc1u1fract=0.0002,0.0006,0.0010,0.0014,0.0018,0.0024,0.0031,0.0039
0.0047,0.0058,0.0069,0.0080,0.0094,0.0108,0.0125,0.0143,0.0161,0.0178
0.0196,0.0214,0.0230,0.0246,0.0261,0.0280,0.0299,0.0327,0.0366,0.0419
0.0498,0.0593,0.0707,0.0840,0.0998,0.1175,0.1362,0.1566,0.1793,0.2016
0.2246,0.2493,0.2733,0.2975,0.3220,0.3462,0.3702,0.3940,0.4182,0.4410
0.4642,0.4879,0.5115,0.5335,0.5567,0.5798,0.6008,0.6224,0.6442,0.6648
0.6853,0.7055,0.7249,0.7441,0.7628,0.7812,0.7996,0.8176,0.8348,0.8508
0.8662,0.8811,0.8945,0.9071,0.9185,0.9293,0.9385,0.9466,0.9534,0.9591
0.9637,0.9677,0.9713,0.9743,0.9769,0.9795,0.9815,0.9835,0.9851,0.9868
0.9880,0.9894,0.9906,0.9914,0.9922,0.9928,0.9934,0.9939,0.9942,0.9944
0.9948,0.9951,0.9953,0.9956,0.9958,0.9960,0.9962,0.9965,0.9967,0.9969
0.9971,0.9972,0.9973,0.9976,0.9977,0.9978,0.9981,0.9983,0.9985,0.9986
0.9988,0.9990,0.9992,0.9993,0.9995,0.9997,0.9999,1.0000,
hwc1u2fract=0.0002,0.0005,0.0008,0.0012,0.0016,0.0022,0.0028,0.0035
0.0042,0.0050,0.0060,0.0071,0.0082,0.0093,0.0106,0.0121,0.0134,0.0150
0.0167,0.0182,0.0199,0.0217,0.0236,0.0254,0.0275,0.0300,0.0333,0.0384
0.0450,0.0537,0.0642,0.0766,0.0906,0.1076,0.1260,0.1443,0.1656,0.1871
0.2101,0.2332,0.2573,0.2821,0.3062,0.3299,0.3552,0.3788,0.4019,0.4261
0.4505,0.4745,0.4977,0.5210,0.5445,0.5680,0.5904,0.6126,0.6347,0.6561
0.6760,0.6963,0.7162,0.7353,0.7539,0.7732,0.7924,0.8103,0.8275,0.8445
0.8603,0.8757,0.8900,0.9031,0.9153,0.9260,0.9350,0.9429,0.9496,0.9557
0.9609,0.9653,0.9692,0.9726,0.9756,0.9780,0.9804,0.9824,0.9841,0.9857
0.9871,0.9887,0.9896,0.9906,0.9916,0.9923,0.9929,0.9935,0.9940,0.9945
0.9948,0.9951,0.9952,0.9954,0.9957,0.9959,0.9962,0.9964,0.9966,0.9968
0.9970,0.9972,0.9974,0.9975,0.9976,0.9978,0.9981,0.9983,0.9985,0.9986
0.9989,0.9991,0.9993,0.9995,0.9997,0.9998,0.9999,1.0000,
hwc1x1fract=0.0002,0.0003,0.0005,0.0007,0.0011,0.0015,0.0020,0.0027
0.0035,0.0044,0.0055,0.0066,0.0080,0.0092,0.0106,0.0120,0.0135,0.0152
0.0169,0.0185,0.0201,0.0215,0.0229,0.0243,0.0259,0.0279,0.0306,0.0341
0.0402,0.0487,0.0599,0.0735,0.0895,0.1066,0.1257,0.1459,0.1677,0.1900
0.2138,0.2374,0.2613,0.2857,0.3103,0.3340,0.3580,0.3814,0.4037,0.4259
0.4493,0.4719,0.4943,0.5166,0.5375,0.5590,0.5803,0.6019,0.6227,0.6440
0.6646,0.6848,0.7049,0.7250,0.7442,0.7638,0.7830,0.8011,0.8193,0.8370
0.8542,0.8711,0.8865,0.9025,0.9162,0.9280,0.9381,0.9471,0.9551,0.9618
0.9671,0.9720,0.9759,0.9790,0.9820,0.9845,0.9868,0.9888,0.9908,0.9923
0.9938,0.9949,0.9954,0.9960,0.9963,0.9966,0.9969,0.9972,0.9975,0.9977
0.9978,0.9981,0.9983,0.9984,0.9985,0.9986,0.9987,0.9987,0.9988,0.9989
0.9989,0.9990,0.9990,0.9991,0.9991,0.9993,0.9993,0.9994,0.9994,0.9995
0.9995,0.9997,0.9997,0.9998,0.9999,0.9999,1.0000,1.0000,
hwc1x2fract=0.0002,0.0003,0.0006,0.0009,0.0012,0.0016,0.0022,0.0028
0.0036,0.0044,0.0054,0.0067,0.0081,0.0096,0.0112,0.0126,0.0146,0.0161
0.0175,0.0190,0.0204,0.0217,0.0230,0.0247,0.0262,0.0280,0.0308,0.0349
0.0411,0.0509,0.0626,0.0764,0.0907,0.1075,0.1270,0.1477,0.1689,0.1927
0.2166,0.2407,0.2642,0.2889,0.3139,0.3379,0.3618,0.3858,0.4088,0.4320
0.4551,0.4780,0.5006,0.5232,0.5443,0.5653,0.5874,0.6093,0.6299,0.6514
0.6715,0.6910,0.7107,0.7300,0.7493,0.7680,0.7863,0.8049,0.8229,0.8415
0.8584,0.8745,0.8898,0.9049,0.9184,0.9299,0.9398,0.9480,0.9554,0.9620
0.9677,0.9723,0.9763,0.9796,0.9824,0.9846,0.9868,0.9889,0.9906,0.9922
0.9935,0.9947,0.9953,0.9958,0.9962,0.9966,0.9970,0.9973,0.9976,0.9977
0.9979,0.9981,0.9982,0.9983,0.9985,0.9986,0.9986,0.9987,0.9988,0.9988
0.9989,0.9989,0.9990,0.9990,0.9991,0.9991,0.9992,0.9993,0.9994,0.9995
0.9995,0.9996,0.9996,0.9997,0.9997,0.9998,0.9999,1.0000,
hwc1v1fract=0.0002,0.0004,0.0006,0.0010,0.0014,0.0018,0.0023,0.0030
0.0038,0.0046,0.0054,0.0064,0.0076,0.0088,0.0100,0.0114,0.0130,0.0145
0.0163,0.0180,0.0199,0.0215,0.0234,0.0252,0.0272,0.0291,0.0319,0.0354
0.0410,0.0483,0.0574,0.0682,0.0810,0.0961,0.1128,0.1307,0.1500,0.1698
0.1915,0.2143,0.2379,0.2618,0.2867,0.3122,0.3358,0.3600,0.3843,0.4084
0.4323,0.4557,0.4798,0.5038,0.5283,0.5517,0.5742,0.5964,0.6183,0.6409
0.6624,0.6830,0.7024,0.7219,0.7416,0.7605,0.7784,0.7965,0.8142,0.8316
0.8486,0.8649,0.8801,0.8942,0.9062,0.9176,0.9279,0.9366,0.9443,0.9511
0.9568,0.9619,0.9662,0.9700,0.9732,0.9761,0.9788,0.9811,0.9828,0.9845
0.9861,0.9877,0.9890,0.9901,0.9911,0.9919,0.9926,0.9932,0.9938,0.9942
0.9946,0.9950,0.9954,0.9957,0.9961,0.9962,0.9965,0.9966,0.9968,0.9971
0.9972,0.9974,0.9976,0.9978,0.9979,0.9981,0.9982,0.9984,0.9986,0.9987
0.9989,0.9991,0.9993,0.9994,0.9996,0.9997,0.9999,1.0000,
hwc1v2fract=0.0002,0.0006,0.0009,0.0014,0.0018,0.0023,0.0029,0.0037
0.0045,0.0053,0.0063,0.0074,0.0086,0.0097,0.0110,0.0125,0.0139,0.0156
0.0172,0.0189,0.0205,0.0224,0.0241,0.0259,0.0279,0.0301,0.0330,0.0375
0.0438,0.0520,0.0624,0.0742,0.0880,0.1039,0.1213,0.1406,0.1609,0.1813
0.2034,0.2269,0.2510,0.2747,0.2981,0.3225,0.3484,0.3736,0.3985,0.4227
0.4466,0.4703,0.4931,0.5169,0.5403,0.5644,0.5872,0.6102,0.6324,0.6540
0.6738,0.6944,0.7141,0.7337,0.7529,0.7716,0.7900,0.8078,0.8249,0.8417
0.8580,0.8730,0.8876,0.9009,0.9133,0.9241,0.9337,0.9420,0.9493,0.9553
0.9605,0.9651,0.9690,0.9724,0.9756,0.9784,0.9808,0.9829,0.9847,0.9864
0.9880,0.9894,0.9905,0.9914,0.9921,0.9928,0.9934,0.9938,0.9943,0.9946
0.9949,0.9953,0.9956,0.9958,0.9960,0.9962,0.9963,0.9965,0.9969,0.9971
0.9973,0.9975,0.9976,0.9978,0.9979,0.9981,0.9982,0.9983,0.9985,0.9986
0.9988,0.9989,0.9991,0.9994,0.9996,0.9997,0.9999,1.0000,
hwc2u1fract=0.0001,0.0003,0.0003,0.0004,0.0005,0.0007,0.0007,0.0008
0.0009,0.0011,0.0012,0.0013,0.0014,0.0016,0.0017,0.0018,0.0019,0.0021
0.0022,0.0023,0.0025,0.0027,0.0030,0.0033,0.0038,0.0048,0.0068,0.0107
0.0171,0.0261,0.0379,0.0523,0.0689,0.0872,0.1073,0.1285,0.1515,0.1754
0.1992,0.2237,0.2487,0.2727,0.2971,0.3212,0.3454,0.3692,0.3935,0.4172
0.4411,0.4642,0.4866,0.5096,0.5326,0.5556,0.5783,0.6005,0.6221,0.6428
0.6639,0.6849,0.7060,0.7267,0.7468,0.7669,0.7858,0.8052,0.8233,0.8417
0.8589,0.8760,0.8922,0.9062,0.9201,0.9321,0.9424,0.9511,0.9585,0.9644
0.9693,0.9736,0.9774,0.9803,0.9833,0.9857,0.9876,0.9895,0.9911,0.9923
0.9936,0.9947,0.9955,0.9960,0.9966,0.9969,0.9972,0.9976,0.9978,0.9980
0.9982,0.9983,0.9985,0.9986,0.9987,0.9988,0.9988,0.9988,0.9989,0.9990
0.9991,0.9991,0.9991,0.9992,0.9992,0.9993,0.9993,0.9994,0.9994,0.9995
0.9995,0.9996,0.9997,0.9997,0.9998,0.9999,0.9999,1.0000,
hwc2u2fract=0.0001,0.0002,0.0003,0.0004,0.0004,0.0005,0.0006,0.0008
0.0009,0.0010,0.0011,0.0012,0.0014,0.0015,0.0017,0.0018,0.0020,0.0021
0.0022,0.0024,0.0026,0.0028,0.0030,0.0033,0.0037,0.0045,0.0061,0.0094
0.0147,0.0224,0.0327,0.0459,0.0610,0.0772,0.0962,0.1164,0.1388,0.1611
0.1856,0.2103,0.2349,0.2590,0.2832,0.3086,0.3328,0.3567,0.3814,0.4052
0.4290,0.4526,0.4760,0.4990,0.5224,0.5458,0.5684,0.5909,0.6135,0.6352
0.6562,0.6778,0.6988,0.7193,0.7394,0.7593,0.7788,0.7989,0.8173,0.8360
0.8534,0.8705,0.8864,0.9015,0.9149,0.9276,0.9381,0.9474,0.9549,0.9620
0.9678,0.9724,0.9761,0.9794,0.9821,0.9846,0.9865,0.9883,0.9901,0.9915
0.9929,0.9940,0.9949,0.9956,0.9963,0.9967,0.9971,0.9974,0.9977,0.9978
0.9980,0.9982,0.9983,0.9985,0.9986,0.9987,0.9988,0.9989,0.9989,0.9990
0.9990,0.9991,0.9991,0.9991,0.9992,0.9993,0.9994,0.9994,0.9995,0.9995
0.9996,0.9997,0.9998,0.9998,0.9999,0.9999,1.0000,1.0000,
hwc2x1fract=0.0000,0.0000,0.0001,0.0002,0.0003,0.0003,0.0004,0.0005
0.0006,0.0006,0.0007,0.0007,0.0008,0.0008,0.0009,0.0010,0.0011,0.0011
0.0012,0.0012,0.0013,0.0014,0.0015,0.0017,0.0022,0.0030,0.0050,0.0091
0.0157,0.0258,0.0384,0.0539,0.0716,0.0917,0.1130,0.1352,0.1587,0.1817
0.2053,0.2292,0.2526,0.2768,0.3007,0.3245,0.3478,0.3708,0.3942,0.4175
0.4402,0.4631,0.4854,0.5075,0.5306,0.5536,0.5759,0.5978,0.6191,0.6410
0.6629,0.6833,0.7039,0.7249,0.7455,0.7653,0.7845,0.8038,0.8218,0.8404
0.8582,0.8750,0.8916,0.9064,0.9197,0.9319,0.9430,0.9521,0.9599,0.9662
0.9716,0.9762,0.9801,0.9829,0.9852,0.9874,0.9893,0.9912,0.9928,0.9941
0.9955,0.9963,0.9969,0.9974,0.9978,0.9981,0.9983,0.9986,0.9988,0.9989
0.9990,0.9992,0.9992,0.9993,0.9993,0.9994,0.9994,0.9994,0.9995,0.9995
0.9995,0.9995,0.9996,0.9996,0.9996,0.9997,0.9997,0.9998,0.9998,0.9998
0.9999,0.9999,0.9999,0.9999,1.0000,1.0000,1.0000,1.0000,
hwc2x2fract=0.0001,0.0001,0.0002,0.0002,0.0003,0.0003,0.0004,0.0005
0.0005,0.0006,0.0007,0.0008,0.0008,0.0009,0.0009,0.0010,0.0010,0.0011
0.0011,0.0011,0.0012,0.0013,0.0014,0.0016,0.0020,0.0031,0.0051,0.0093
0.0167,0.0267,0.0408,0.0570,0.0761,0.0958,0.1169,0.1398,0.1640,0.1874
0.2113,0.2347,0.2591,0.2832,0.3065,0.3299,0.3527,0.3756,0.3987,0.4215
0.4449,0.4672,0.4890,0.5111,0.5334,0.5551,0.5773,0.5992,0.6208,0.6416
0.6620,0.6831,0.7026,0.7229,0.7430,0.7632,0.7832,0.8027,0.8217,0.8406
0.8579,0.8747,0.8918,0.9073,0.9206,0.9326,0.9431,0.9519,0.9593,0.9661
0.9712,0.9757,0.9794,0.9826,0.9853,0.9878,0.9901,0.9916,0.9933,0.9946
0.9961,0.9970,0.9975,0.9979,0.9983,0.9986,0.9987,0.9989,0.9990,0.9991
0.9993,0.9994,0.9994,0.9995,0.9995,0.9995,0.9995,0.9996,0.9996,0.9996
0.9996,0.9996,0.9996,0.9996,0.9997,0.9997,0.9997,0.9998,0.9998,0.9998
0.9998,0.9998,0.9999,0.9999,0.9999,1.0000,1.0000,1.0000,
hwc2v1fract=0.0001,0.0002,0.0003,0.0004,0.0005,0.0006,0.0007,0.0009
0.0010,0.0010,0.0011,0.0013,0.0013,0.0015,0.0017,0.0018,0.0019,0.0020
0.0021,0.0023,0.0024,0.0026,0.0027,0.0031,0.0036,0.0048,0.0070,0.0117
0.0187,0.0285,0.0410,0.0552,0.0725,0.0916,0.1123,0.1335,0.1564,0.1792
0.2036,0.2278,0.2513,0.2748,0.2998,0.3245,0.3484,0.3718,0.3948,0.4183
0.4419,0.4651,0.4885,0.5114,0.5334,0.5563,0.5790,0.6016,0.6235,0.6442
0.6659,0.6865,0.7071,0.7269,0.7469,0.7661,0.7849,0.8034,0.8225,0.8402
0.8586,0.8751,0.8912,0.9050,0.9183,0.9295,0.9393,0.9483,0.9554,0.9618
0.9673,0.9715,0.9756,0.9792,0.9822,0.9846,0.9868,0.9888,0.9902,0.9916
0.9933,0.9944,0.9953,0.9958,0.9963,0.9967,0.9971,0.9975,0.9977,0.9979
0.9981,0.9982,0.9983,0.9984,0.9985,0.9986,0.9987,0.9988,0.9988,0.9989
0.9990,0.9990,0.9991,0.9992,0.9992,0.9993,0.9993,0.9994,0.9994,0.9995
0.9995,0.9996,0.9997,0.9998,0.9998,0.9999,0.9999,1.0000,
hwc2v2fract=0.0001,0.0002,0.0004,0.0005,0.0006,0.0007,0.0007,0.0009
0.0009,0.0010,0.0012,0.0013,0.0014,0.0015,0.0017,0.0018,0.0019,0.0020
0.0021,0.0023,0.0023,0.0025,0.0028,0.0031,0.0039,0.0052,0.0076,0.0130
0.0211,0.0328,0.0469,0.0637,0.0823,0.1028,0.1241,0.1459,0.1692,0.1937
0.2179,0.2423,0.2657,0.2900,0.3139,0.3375,0.3609,0.3849,0.4093,0.4325
0.4559,0.4786,0.5020,0.5238,0.5471,0.5695,0.5921,0.6136,0.6346,0.6554
0.6768,0.6968,0.7168,0.7358,0.7548,0.7742,0.7935,0.8116,0.8299,0.8469
0.8640,0.8799,0.8954,0.9101,0.9228,0.9339,0.9435,0.9517,0.9589,0.9648
0.9699,0.9739,0.9774,0.9805,0.9833,0.9857,0.9876,0.9896,0.9911,0.9924
0.9936,0.9946,0.9954,0.9961,0.9965,0.9969,0.9972,0.9976,0.9978,0.9980
0.9982,0.9984,0.9985,0.9986,0.9987,0.9987,0.9988,0.9988,0.9989,0.9990
0.9990,0.9991,0.9992,0.9992,0.9993,0.9993,0.9994,0.9994,0.9995,0.9995
0.9996,0.9997,0.9997,0.9998,0.9999,0.9999,1.0000,1.0000,
