; For HKS DC test. Adapted from sdriftmap.param
; L.Yuan 06/07/2003
;
; Lookup table for Hall C drift chamber time to distance map.
;
;number of bins in Meek's time to distance lookup table
hdriftbins=126
;number of 1st bin in Meek's table in ns
hdrift1stbin=-50
;bin size in ns of Meek's table
hdriftbinsz=2
;
hwc1u1fract=0.0003,0.0008,0.0012,0.0016,0.0021,0.0027,0.0034,0.0041
0.0050,0.0059,0.0071,0.0083,0.0096,0.0112,0.0125,0.0143,0.0160,0.0182
0.0200,0.0217,0.0234,0.0253,0.0272,0.0291,0.0309,0.0334,0.0376,0.0430
0.0509,0.0609,0.0734,0.0869,0.1025,0.1204,0.1399,0.1609,0.1832,0.2065
0.2298,0.2542,0.2787,0.3031,0.3275,0.3510,0.3750,0.3987,0.4231,0.4466
0.4690,0.4915,0.5144,0.5367,0.5592,0.5812,0.6031,0.6252,0.6467,0.6666
0.6874,0.7074,0.7266,0.7453,0.7644,0.7828,0.8007,0.8179,0.8353,0.8514
0.8672,0.8820,0.8961,0.9089,0.9200,0.9306,0.9399,0.9476,0.9542,0.9596
0.9644,0.9680,0.9718,0.9750,0.9778,0.9804,0.9826,0.9843,0.9859,0.9872
0.9886,0.9898,0.9907,0.9916,0.9922,0.9927,0.9933,0.9936,0.9940,0.9943
0.9946,0.9950,0.9952,0.9954,0.9957,0.9958,0.9960,0.9962,0.9965,0.9967
0.9969,0.9971,0.9972,0.9975,0.9977,0.9979,0.9980,0.9982,0.9985,0.9986
0.9988,0.9990,0.9991,0.9994,0.9996,0.9998,0.9999,1.0000,
hwc1u2fract=0.0004,0.0008,0.0012,0.0017,0.0022,0.0026,0.0032,0.0039
0.0047,0.0056,0.0065,0.0075,0.0088,0.0098,0.0114,0.0130,0.0146,0.0161
0.0176,0.0193,0.0211,0.0232,0.0249,0.0266,0.0285,0.0311,0.0344,0.0394
0.0461,0.0548,0.0652,0.0772,0.0912,0.1071,0.1249,0.1438,0.1640,0.1852
0.2078,0.2308,0.2540,0.2783,0.3025,0.3267,0.3516,0.3770,0.4011,0.4248
0.4482,0.4715,0.4955,0.5190,0.5414,0.5634,0.5852,0.6072,0.6288,0.6499
0.6703,0.6909,0.7102,0.7305,0.7501,0.7686,0.7874,0.8051,0.8227,0.8394
0.8561,0.8715,0.8869,0.9004,0.9124,0.9238,0.9337,0.9424,0.9488,0.9553
0.9602,0.9649,0.9688,0.9722,0.9755,0.9782,0.9804,0.9824,0.9844,0.9861
0.9877,0.9891,0.9900,0.9909,0.9915,0.9922,0.9929,0.9933,0.9937,0.9941
0.9945,0.9948,0.9951,0.9955,0.9958,0.9961,0.9963,0.9965,0.9966,0.9969
0.9970,0.9972,0.9973,0.9975,0.9977,0.9978,0.9980,0.9982,0.9984,0.9985
0.9987,0.9989,0.9991,0.9992,0.9995,0.9996,0.9998,1.0000,
hwc1x1fract=0.0001,0.0003,0.0005,0.0007,0.0010,0.0015,0.0023,0.0030
0.0039,0.0048,0.0059,0.0070,0.0082,0.0096,0.0111,0.0129,0.0144,0.0162
0.0178,0.0193,0.0206,0.0220,0.0234,0.0248,0.0263,0.0278,0.0300,0.0337
0.0394,0.0473,0.0577,0.0710,0.0860,0.1026,0.1206,0.1405,0.1633,0.1862
0.2095,0.2329,0.2570,0.2814,0.3046,0.3283,0.3520,0.3761,0.3994,0.4218
0.4446,0.4671,0.4890,0.5104,0.5323,0.5541,0.5756,0.5967,0.6189,0.6393
0.6598,0.6812,0.7005,0.7201,0.7403,0.7594,0.7789,0.7969,0.8156,0.8330
0.8500,0.8668,0.8830,0.8980,0.9112,0.9242,0.9351,0.9448,0.9526,0.9593
0.9653,0.9701,0.9740,0.9776,0.9807,0.9835,0.9859,0.9882,0.9902,0.9917
0.9931,0.9944,0.9950,0.9956,0.9960,0.9964,0.9967,0.9970,0.9972,0.9974
0.9976,0.9977,0.9979,0.9980,0.9981,0.9983,0.9984,0.9985,0.9985,0.9986
0.9987,0.9989,0.9989,0.9989,0.9990,0.9991,0.9991,0.9992,0.9993,0.9993
0.9995,0.9995,0.9996,0.9997,0.9997,0.9998,0.9999,1.0000,
hwc1x2fract=0.0002,0.0003,0.0006,0.0009,0.0012,0.0016,0.0022,0.0029
0.0037,0.0048,0.0058,0.0071,0.0085,0.0099,0.0112,0.0128,0.0144,0.0160
0.0176,0.0191,0.0208,0.0221,0.0234,0.0249,0.0261,0.0278,0.0305,0.0348
0.0415,0.0501,0.0614,0.0750,0.0912,0.1087,0.1281,0.1489,0.1706,0.1931
0.2166,0.2404,0.2642,0.2879,0.3117,0.3350,0.3596,0.3828,0.4064,0.4294
0.4515,0.4743,0.4962,0.5183,0.5400,0.5613,0.5822,0.6033,0.6243,0.6452
0.6661,0.6855,0.7047,0.7243,0.7433,0.7619,0.7820,0.8004,0.8195,0.8373
0.8550,0.8722,0.8874,0.9022,0.9154,0.9273,0.9380,0.9477,0.9554,0.9620
0.9679,0.9726,0.9763,0.9798,0.9827,0.9850,0.9873,0.9891,0.9910,0.9924
0.9938,0.9946,0.9951,0.9956,0.9961,0.9964,0.9967,0.9969,0.9971,0.9973
0.9974,0.9976,0.9977,0.9978,0.9980,0.9981,0.9982,0.9983,0.9984,0.9985
0.9986,0.9987,0.9987,0.9988,0.9990,0.9990,0.9991,0.9993,0.9993,0.9994
0.9994,0.9995,0.9995,0.9996,0.9997,0.9998,0.9999,1.0000,
hwc1v1fract=0.0002,0.0006,0.0009,0.0013,0.0017,0.0023,0.0028,0.0035
0.0042,0.0051,0.0060,0.0072,0.0085,0.0098,0.0110,0.0125,0.0141,0.0157
0.0173,0.0190,0.0208,0.0225,0.0243,0.0258,0.0278,0.0298,0.0323,0.0359
0.0412,0.0481,0.0572,0.0684,0.0815,0.0970,0.1136,0.1308,0.1507,0.1716
0.1931,0.2148,0.2382,0.2625,0.2864,0.3106,0.3347,0.3591,0.3831,0.4067
0.4306,0.4548,0.4781,0.5027,0.5256,0.5475,0.5704,0.5930,0.6143,0.6360
0.6568,0.6772,0.6973,0.7172,0.7367,0.7559,0.7750,0.7933,0.8108,0.8281
0.8451,0.8614,0.8766,0.8919,0.9050,0.9167,0.9277,0.9375,0.9452,0.9518
0.9573,0.9625,0.9671,0.9712,0.9743,0.9769,0.9794,0.9817,0.9838,0.9854
0.9869,0.9883,0.9893,0.9904,0.9914,0.9921,0.9926,0.9932,0.9937,0.9941
0.9945,0.9948,0.9951,0.9954,0.9957,0.9958,0.9961,0.9964,0.9966,0.9968
0.9970,0.9972,0.9974,0.9976,0.9977,0.9979,0.9981,0.9982,0.9984,0.9986
0.9987,0.9989,0.9990,0.9992,0.9994,0.9996,0.9998,1.0000,
hwc1v2fract=0.0003,0.0006,0.0009,0.0014,0.0018,0.0022,0.0029,0.0035
0.0044,0.0054,0.0063,0.0075,0.0087,0.0099,0.0112,0.0128,0.0142,0.0159
0.0174,0.0188,0.0205,0.0221,0.0237,0.0257,0.0279,0.0301,0.0333,0.0375
0.0435,0.0525,0.0634,0.0763,0.0909,0.1073,0.1247,0.1440,0.1643,0.1861
0.2083,0.2319,0.2557,0.2794,0.3032,0.3280,0.3527,0.3774,0.4005,0.4246
0.4481,0.4715,0.4958,0.5193,0.5418,0.5640,0.5868,0.6087,0.6308,0.6526
0.6732,0.6928,0.7133,0.7320,0.7515,0.7698,0.7876,0.8057,0.8232,0.8398
0.8564,0.8722,0.8871,0.9008,0.9133,0.9245,0.9343,0.9428,0.9497,0.9563
0.9613,0.9658,0.9701,0.9732,0.9762,0.9789,0.9811,0.9831,0.9848,0.9863
0.9876,0.9890,0.9900,0.9909,0.9916,0.9924,0.9929,0.9933,0.9937,0.9941
0.9944,0.9947,0.9948,0.9952,0.9954,0.9957,0.9961,0.9962,0.9964,0.9967
0.9969,0.9971,0.9973,0.9974,0.9976,0.9978,0.9981,0.9983,0.9984,0.9986
0.9988,0.9989,0.9991,0.9992,0.9994,0.9996,0.9999,1.0000,
hwc2u1fract=0.0001,0.0003,0.0004,0.0005,0.0007,0.0008,0.0009,0.0011
0.0012,0.0013,0.0015,0.0017,0.0018,0.0019,0.0020,0.0021,0.0023,0.0024
0.0026,0.0028,0.0029,0.0032,0.0033,0.0037,0.0042,0.0050,0.0066,0.0105
0.0173,0.0274,0.0396,0.0545,0.0714,0.0901,0.1098,0.1311,0.1526,0.1764
0.2016,0.2261,0.2498,0.2743,0.2986,0.3227,0.3457,0.3702,0.3936,0.4174
0.4408,0.4629,0.4858,0.5088,0.5325,0.5548,0.5772,0.5994,0.6211,0.6429
0.6638,0.6852,0.7059,0.7263,0.7461,0.7656,0.7849,0.8041,0.8229,0.8406
0.8581,0.8755,0.8910,0.9058,0.9191,0.9313,0.9414,0.9501,0.9575,0.9638
0.9686,0.9728,0.9768,0.9800,0.9827,0.9849,0.9869,0.9886,0.9902,0.9917
0.9930,0.9942,0.9948,0.9954,0.9958,0.9962,0.9966,0.9969,0.9972,0.9974
0.9975,0.9977,0.9978,0.9980,0.9980,0.9981,0.9982,0.9983,0.9984,0.9985
0.9986,0.9988,0.9988,0.9989,0.9990,0.9990,0.9991,0.9992,0.9993,0.9993
0.9994,0.9995,0.9996,0.9996,0.9997,0.9998,0.9999,1.0000,
hwc2u2fract=0.0001,0.0002,0.0003,0.0004,0.0005,0.0007,0.0008,0.0009
0.0011,0.0012,0.0013,0.0014,0.0016,0.0018,0.0020,0.0021,0.0023,0.0024
0.0025,0.0027,0.0028,0.0031,0.0033,0.0036,0.0041,0.0049,0.0065,0.0097
0.0150,0.0226,0.0329,0.0449,0.0598,0.0768,0.0951,0.1151,0.1375,0.1603
0.1837,0.2085,0.2330,0.2580,0.2820,0.3073,0.3318,0.3569,0.3806,0.4051
0.4282,0.4518,0.4743,0.4966,0.5189,0.5417,0.5643,0.5870,0.6093,0.6315
0.6533,0.6742,0.6945,0.7155,0.7360,0.7556,0.7749,0.7953,0.8144,0.8329
0.8505,0.8679,0.8846,0.8995,0.9129,0.9260,0.9367,0.9464,0.9543,0.9605
0.9660,0.9707,0.9745,0.9779,0.9808,0.9833,0.9857,0.9875,0.9894,0.9908
0.9921,0.9934,0.9942,0.9949,0.9956,0.9961,0.9966,0.9970,0.9973,0.9976
0.9977,0.9979,0.9980,0.9981,0.9982,0.9983,0.9984,0.9985,0.9985,0.9986
0.9986,0.9987,0.9988,0.9989,0.9989,0.9990,0.9991,0.9992,0.9993,0.9994
0.9995,0.9996,0.9997,0.9997,0.9998,0.9998,0.9999,1.0000,
hwc2x1fract=0.0001,0.0001,0.0002,0.0002,0.0003,0.0004,0.0004,0.0005
0.0006,0.0006,0.0007,0.0007,0.0009,0.0009,0.0010,0.0010,0.0011,0.0012
0.0012,0.0014,0.0015,0.0016,0.0017,0.0019,0.0023,0.0032,0.0048,0.0082
0.0146,0.0235,0.0364,0.0517,0.0686,0.0875,0.1091,0.1312,0.1543,0.1781
0.2023,0.2252,0.2483,0.2729,0.2974,0.3207,0.3436,0.3660,0.3897,0.4122
0.4350,0.4569,0.4793,0.5019,0.5239,0.5465,0.5689,0.5908,0.6114,0.6328
0.6540,0.6752,0.6969,0.7167,0.7364,0.7562,0.7755,0.7957,0.8162,0.8351
0.8534,0.8712,0.8884,0.9039,0.9176,0.9295,0.9406,0.9503,0.9580,0.9649
0.9701,0.9748,0.9786,0.9820,0.9848,0.9870,0.9894,0.9911,0.9926,0.9941
0.9955,0.9965,0.9970,0.9974,0.9978,0.9981,0.9984,0.9986,0.9987,0.9988
0.9990,0.9990,0.9991,0.9992,0.9992,0.9993,0.9993,0.9993,0.9994,0.9994
0.9995,0.9995,0.9995,0.9996,0.9996,0.9996,0.9996,0.9997,0.9997,0.9998
0.9998,0.9998,0.9998,0.9999,0.9999,1.0000,1.0000,1.0000,
hwc2x2fract=0.0001,0.0001,0.0002,0.0002,0.0003,0.0004,0.0004,0.0005
0.0006,0.0007,0.0008,0.0009,0.0009,0.0010,0.0011,0.0012,0.0013,0.0014
0.0015,0.0015,0.0016,0.0017,0.0017,0.0020,0.0024,0.0033,0.0056,0.0100
0.0171,0.0270,0.0409,0.0579,0.0767,0.0974,0.1192,0.1422,0.1653,0.1890
0.2137,0.2371,0.2606,0.2848,0.3088,0.3314,0.3550,0.3781,0.4012,0.4233
0.4460,0.4688,0.4914,0.5123,0.5344,0.5555,0.5775,0.5989,0.6206,0.6413
0.6625,0.6834,0.7036,0.7237,0.7439,0.7636,0.7831,0.8021,0.8207,0.8386
0.8571,0.8746,0.8907,0.9050,0.9192,0.9322,0.9432,0.9526,0.9604,0.9671
0.9724,0.9765,0.9800,0.9831,0.9858,0.9882,0.9900,0.9916,0.9932,0.9947
0.9961,0.9970,0.9976,0.9979,0.9983,0.9985,0.9987,0.9988,0.9990,0.9991
0.9991,0.9992,0.9992,0.9992,0.9993,0.9994,0.9994,0.9995,0.9995,0.9995
0.9995,0.9996,0.9996,0.9997,0.9997,0.9997,0.9998,0.9998,0.9998,0.9998
0.9999,0.9999,0.9999,0.9999,1.0000,1.0000,1.0000,1.0000,
hwc2v1fract=0.0001,0.0001,0.0002,0.0003,0.0005,0.0007,0.0008,0.0010
0.0011,0.0012,0.0013,0.0015,0.0017,0.0018,0.0020,0.0021,0.0023,0.0024
0.0025,0.0028,0.0029,0.0031,0.0033,0.0036,0.0042,0.0052,0.0075,0.0116
0.0186,0.0289,0.0419,0.0574,0.0745,0.0935,0.1133,0.1342,0.1569,0.1802
0.2051,0.2289,0.2528,0.2776,0.3015,0.3248,0.3483,0.3715,0.3944,0.4173
0.4411,0.4641,0.4872,0.5094,0.5325,0.5552,0.5781,0.5999,0.6215,0.6426
0.6638,0.6840,0.7044,0.7249,0.7458,0.7655,0.7847,0.8032,0.8222,0.8400
0.8577,0.8747,0.8904,0.9050,0.9183,0.9296,0.9400,0.9490,0.9566,0.9627
0.9681,0.9724,0.9757,0.9787,0.9816,0.9842,0.9863,0.9883,0.9900,0.9917
0.9929,0.9942,0.9949,0.9957,0.9962,0.9967,0.9970,0.9973,0.9976,0.9978
0.9979,0.9981,0.9983,0.9984,0.9985,0.9986,0.9986,0.9987,0.9988,0.9989
0.9989,0.9990,0.9991,0.9991,0.9992,0.9992,0.9993,0.9994,0.9995,0.9996
0.9996,0.9997,0.9997,0.9998,0.9998,0.9999,1.0000,1.0000,
hwc2v2fract=0.0001,0.0002,0.0004,0.0004,0.0006,0.0007,0.0008,0.0010
0.0011,0.0012,0.0013,0.0014,0.0016,0.0017,0.0019,0.0020,0.0021,0.0022
0.0023,0.0025,0.0027,0.0028,0.0031,0.0034,0.0040,0.0051,0.0082,0.0137
0.0226,0.0343,0.0486,0.0653,0.0845,0.1054,0.1268,0.1494,0.1727,0.1960
0.2204,0.2435,0.2678,0.2923,0.3157,0.3395,0.3630,0.3855,0.4080,0.4309
0.4544,0.4772,0.5003,0.5228,0.5461,0.5685,0.5905,0.6112,0.6329,0.6544
0.6751,0.6951,0.7149,0.7345,0.7538,0.7730,0.7919,0.8114,0.8293,0.8468
0.8644,0.8813,0.8964,0.9109,0.9234,0.9347,0.9450,0.9534,0.9604,0.9660
0.9711,0.9751,0.9786,0.9815,0.9839,0.9860,0.9879,0.9894,0.9908,0.9921
0.9935,0.9947,0.9955,0.9961,0.9967,0.9969,0.9972,0.9974,0.9977,0.9978
0.9980,0.9981,0.9982,0.9982,0.9983,0.9984,0.9985,0.9985,0.9986,0.9986
0.9987,0.9988,0.9989,0.9989,0.9991,0.9991,0.9992,0.9993,0.9994,0.9994
0.9995,0.9996,0.9996,0.9997,0.9998,0.9998,0.9999,1.0000,
