; HKS Drift Chamber x-t conversion table
; Toshi Gogami , July2012
; Number of bins in Meek's time to distance lookup table
hdriftbins=126
; Number of 1st bin in Meek's table in ns
hdrift1stbin=-50
; Bin size in ns of Meek's table
hdriftbinsz=2
;

hwc1u1fract=0.000000000,0.000000000,0.000000000,0.000000000,
0.000000000,0.000000000,0.000000000,0.000000000,0.000000000,
0.000000000,0.000000000,0.000000000,0.000000000,0.000000000,
0.000000000,0.000000000,0.000000000,0.000000000,0.000000000,
0.000000000,0.000000000,0.000000000,0.000000000,0.000000000,
0.000000000,-0.000000000,0.005314888,0.011628920,0.019023772,
0.027723881,0.037754011,0.049153754,0.061947262,0.076069300,
0.091482675,0.108107296,0.125849403,0.144621648,0.164318637,
0.184828304,0.206051780,0.227869757,0.250191874,0.272923341,
0.295955968,0.319218203,0.342626026,0.366104583,0.389595070,
0.413035088,0.436360465,0.459549133,0.482540046,0.505305430,
0.527818792,0.550049614,0.571972826,0.593558414,0.614794304,
0.635649485,0.656107179,0.676142433,0.695729469,0.714853220,
0.733485267,0.751599822,0.769176062,0.786174022,0.802570394,
0.818335913,0.833440741,0.847859155,0.861568106,0.874548346,
0.886756040,0.898202778,0.908873897,0.918752998,0.927840909,
0.936167969,0.943728503,0.950567720,0.956657192,0.962095626,
0.966912191,0.971166255,0.974962042,0.978064541,0.981160037,
0.984255533,0.987351029,0.990446525,0.993542021,0.996637517,
0.999733013,1.000000000,1.000000000,1.000000000,1.000000000,
1.000000000,1.000000000,1.000000000,1.000000000,1.000000000,
1.000000000,1.000000000,1.000000000,1.000000000,1.000000000,
1.000000000,1.000000000,1.000000000,1.000000000,1.000000000,
1.000000000,1.000000000,1.000000000,1.000000000,1.000000000,
1.000000000,1.000000000,1.000000000,1.000000000,1.000000000,
1.000000000,1.000000000,
hwc1u2fract=0.000000000,0.000000000,0.000000000,0.000000000,
0.000000000,0.000000000,0.000000000,0.000000000,0.000000000,
0.000000000,0.000000000,0.000000000,0.000000000,0.000000000,
0.000000000,0.000000000,0.000000000,0.000000000,0.000000000,
0.000000000,0.000000000,0.000000000,0.000000000,0.000000000,
0.000000000,-0.000000000,0.005450869,0.011583361,0.018446915,
0.026183879,0.034914414,0.044805924,0.055922619,0.068309585,
0.081994968,0.096973375,0.113210084,0.130638587,0.149179317,
0.168727545,0.189158879,0.210361771,0.232201327,0.254565953,
0.277347876,0.300429733,0.323726636,0.347145369,0.370616197,
0.394073857,0.417467911,0.440766551,0.463931871,0.486935853,
0.509755404,0.532370495,0.554777035,0.576932819,0.598834423,
0.620450161,0.641742344,0.662686722,0.683229908,0.703343284,
0.722969961,0.742067669,0.760575703,0.778444640,0.795636516,
0.812092369,0.827789272,0.842690355,0.856774523,0.870037999,
0.882431055,0.894018613,0.904797048,0.914772838,0.923975336,
0.932454212,0.940283843,0.947405193,0.953953155,0.959926319,
0.965289066,0.970110666,0.974326518,0.977917028,0.980998876,
0.983496067,0.985993258,0.988490448,0.990987639,0.993484830,
0.995982020,0.998479211,1.000000000,1.000000000,1.000000000,
1.000000000,1.000000000,1.000000000,1.000000000,1.000000000,
1.000000000,1.000000000,1.000000000,1.000000000,1.000000000,
1.000000000,1.000000000,1.000000000,1.000000000,1.000000000,
1.000000000,1.000000000,1.000000000,1.000000000,1.000000000,
1.000000000,1.000000000,1.000000000,1.000000000,1.000000000,
1.000000000,1.000000000,
hwc1x1fract=0.000000000,0.000000000,0.000000000,0.000000000,
0.000000000,0.000000000,0.000000000,0.000000000,0.000000000,
0.000000000,0.000000000,0.000000000,0.000000000,0.000000000,
0.000000000,0.000000000,0.000000000,0.000000000,0.000000000,
0.000000000,0.000000000,0.000000000,0.000000000,0.000000000,
0.000000000,-0.000000000,0.004614675,0.010270041,0.017374902,
0.025906461,0.036089636,0.047902010,0.061286633,0.076197794,
0.092527613,0.110133150,0.128913462,0.148707071,0.169390756,
0.190817884,0.212873884,0.235427594,0.258377598,0.281606308,
0.305047059,0.328618654,0.352245863,0.375873672,0.399452297,
0.422942556,0.446315483,0.469531250,0.492563073,0.515397276,
0.538003375,0.560372222,0.582475302,0.604295011,0.625804904,
0.646977964,0.667788660,0.688205258,0.708199802,0.727736486,
0.746782364,0.765295186,0.783233216,0.800567316,0.817240816,
0.833230227,0.848491412,0.862985866,0.876693174,0.889593060,
0.901633892,0.912827847,0.923159861,0.932622172,0.941235910,
0.948999249,0.955926219,0.962028141,0.967379113,0.972002745,
0.975979747,0.979355274,0.981938653,0.984335011,0.986731368,
0.989127726,0.991524083,0.993920441,0.996316798,0.998713156,
1.000000000,1.000000000,1.000000000,1.000000000,1.000000000,
1.000000000,1.000000000,1.000000000,1.000000000,1.000000000,
1.000000000,1.000000000,1.000000000,1.000000000,1.000000000,
1.000000000,1.000000000,1.000000000,1.000000000,1.000000000,
1.000000000,1.000000000,1.000000000,1.000000000,1.000000000,
1.000000000,1.000000000,1.000000000,1.000000000,1.000000000,
1.000000000,1.000000000,
hwc1x2fract=0.000000000,0.000000000,0.000000000,0.000000000,
0.000000000,0.000000000,0.000000000,0.000000000,0.000000000,
0.000000000,0.000000000,0.000000000,0.000000000,0.000000000,
0.000000000,0.000000000,0.000000000,0.000000000,0.000000000,
0.000000000,0.000000000,0.000000000,0.000000000,0.000000000,
0.000000000,-0.000000000,0.004868549,0.010979802,0.018509732,
0.027620347,0.038378301,0.050786290,0.064799854,0.080328677,
0.097260334,0.115429651,0.134729064,0.155005203,0.176119483,
0.197928177,0.220300454,0.243135788,0.266312719,0.289741481,
0.313333333,0.337022539,0.360747331,0.384443787,0.408071934,
0.431588511,0.454976663,0.478200231,0.501231386,0.524051136,
0.546638608,0.568972222,0.591022976,0.612769978,0.634196809,
0.655270833,0.675956033,0.696226226,0.716041056,0.735375475,
0.754177509,0.772423698,0.790073276,0.807069109,0.823394716,
0.839004594,0.853868268,0.867952675,0.881241203,0.893702244,
0.905336645,0.916103431,0.926030928,0.935130636,0.943345880,
0.950783276,0.957381620,0.963242450,0.968364818,0.972772926,
0.976545243,0.979871923,0.982267689,0.984626179,0.986984670,
0.989343160,0.991701651,0.994060142,0.996418632,0.998777123,
1.000000000,1.000000000,1.000000000,1.000000000,1.000000000,
1.000000000,1.000000000,1.000000000,1.000000000,1.000000000,
1.000000000,1.000000000,1.000000000,1.000000000,1.000000000,
1.000000000,1.000000000,1.000000000,1.000000000,1.000000000,
1.000000000,1.000000000,1.000000000,1.000000000,1.000000000,
1.000000000,1.000000000,1.000000000,1.000000000,1.000000000,
1.000000000,1.000000000,
hwc1v1fract=0.000000000,0.000000000,0.000000000,0.000000000,
0.000000000,0.000000000,0.000000000,0.000000000,0.000000000,
0.000000000,0.000000000,0.000000000,0.000000000,0.000000000,
0.000000000,0.000000000,0.000000000,0.000000000,0.000000000,
0.000000000,0.000000000,0.000000000,0.000000000,0.000000000,
0.000000000,-0.000000000,0.005153759,0.010935636,0.017433598,
0.024736048,0.033142984,0.042676128,0.053477273,0.065619700,
0.079159634,0.094072643,0.110315431,0.127834539,0.146502890,
0.166231003,0.186880927,0.208307943,0.230386338,0.252966970,
0.275937500,0.299172494,0.322579132,0.346050469,0.369519343,
0.392920561,0.416212297,0.439348328,0.462302857,0.485062217,
0.507609428,0.529944383,0.552032967,0.573885870,0.595482315,
0.616798942,0.637828810,0.658540596,0.678898990,0.698867458,
0.718391304,0.737436620,0.755945455,0.773873675,0.791166526,
0.807774614,0.823661479,0.838789785,0.853123690,0.866653595,
0.879375388,0.891269253,0.902357028,0.912662692,0.922204941,
0.931022917,0.939135680,0.946561181,0.953356322,0.959559137,
0.965142251,0.970116178,0.974459283,0.978122882,0.981212102,
0.983770628,0.986329154,0.988887681,0.991446207,0.994004733,
0.996563260,0.999121786,1.000000000,1.000000000,1.000000000,
1.000000000,1.000000000,1.000000000,1.000000000,1.000000000,
1.000000000,1.000000000,1.000000000,1.000000000,1.000000000,
1.000000000,1.000000000,1.000000000,1.000000000,1.000000000,
1.000000000,1.000000000,1.000000000,1.000000000,1.000000000,
1.000000000,1.000000000,1.000000000,1.000000000,1.000000000,
1.000000000,1.000000000,
hwc1v2fract=0.000000000,0.000000000,0.000000000,0.000000000,
0.000000000,0.000000000,0.000000000,0.000000000,0.000000000,
0.000000000,0.000000000,0.000000000,0.000000000,0.000000000,
0.000000000,0.000000000,0.000000000,0.000000000,0.000000000,
0.000000000,0.000000000,0.000000000,0.000000000,0.000000000,
0.000000000,-0.000000000,0.005135760,0.011018698,0.017726301,
0.025345632,0.034126658,0.044099427,0.055343256,0.067940594,
0.081847110,0.097061160,0.113521665,0.131160878,0.149871060,
0.169554108,0.190068206,0.211305286,0.233125689,0.255405405,
0.278046697,0.300936782,0.323978060,0.347092486,0.370213626,
0.393289171,0.416271478,0.439127708,0.461832579,0.484365881,
0.506713014,0.528858875,0.550790622,0.572510799,0.593994652,
0.615231823,0.636195426,0.656854508,0.677185297,0.697149209,
0.716703668,0.735799624,0.754397978,0.772442274,0.789900947,
0.806710526,0.822837411,0.838244160,0.852892857,0.866766286,
0.879852564,0.892103550,0.903556730,0.914203838,0.924046935,
0.933096901,0.941395622,0.948951613,0.955776836,0.961862550,
0.967266987,0.971987443,0.976058813,0.979538890,0.982090865,
0.984501085,0.986088688,0.987461560,0.988834432,0.990207304,
0.991580176,0.992953048,0.994325920,0.995698792,0.997071664,
0.998444536,0.999817408,1.000000000,1.000000000,1.000000000,
1.000000000,1.000000000,1.000000000,1.000000000,1.000000000,
1.000000000,1.000000000,1.000000000,1.000000000,1.000000000,
1.000000000,1.000000000,1.000000000,1.000000000,1.000000000,
1.000000000,1.000000000,1.000000000,1.000000000,1.000000000,
1.000000000,1.000000000,
hwc2u1fract=0.000000000,0.000000000,0.000000000,0.000000000,
0.000000000,0.000000000,0.000000000,0.000000000,0.000000000,
0.000000000,0.000000000,0.000000000,0.000000000,0.000000000,
0.000000000,0.000000000,0.000000000,0.000000000,0.000000000,
0.000000000,0.000000000,0.000000000,0.000000000,0.000000000,
0.000000000,-0.000000000,0.002970885,0.006663605,0.012533913,
0.020460432,0.030678509,0.043066667,0.057490362,0.073823781,
0.091890359,0.111469990,0.132355150,0.154323266,0.177171893,
0.200691299,0.224709794,0.249069767,0.273628536,0.298273736,
0.322896679,0.347420538,0.371796117,0.395986763,0.419952267,
0.443683589,0.467178738,0.490433526,0.513453608,0.536247166,
0.558820225,0.581184650,0.603335171,0.625272628,0.646979504,
0.668441836,0.689631191,0.710522774,0.731073245,0.751235060,
0.770947522,0.790155660,0.808787879,0.826784141,0.844074703,
0.860588000,0.876253788,0.891022001,0.904838166,0.917623001,
0.929395322,0.940096439,0.949701632,0.958194501,0.965672661,
0.972050044,0.977460928,0.981930987,0.985620671,0.988391521,
0.991162372,0.993933222,0.996704073,0.999474924,1.000000000,
1.000000000,1.000000000,1.000000000,1.000000000,1.000000000,
1.000000000,1.000000000,1.000000000,1.000000000,1.000000000,
1.000000000,1.000000000,1.000000000,1.000000000,1.000000000,
1.000000000,1.000000000,1.000000000,1.000000000,1.000000000,
1.000000000,1.000000000,1.000000000,1.000000000,1.000000000,
1.000000000,1.000000000,1.000000000,1.000000000,1.000000000,
1.000000000,1.000000000,1.000000000,1.000000000,1.000000000,
1.000000000,1.000000000,
hwc2u2fract=0.000000000,0.000000000,0.000000000,0.000000000,
0.000000000,0.000000000,0.000000000,0.000000000,0.000000000,
0.000000000,0.000000000,0.000000000,0.000000000,0.000000000,
0.000000000,0.000000000,0.000000000,0.000000000,0.000000000,
0.000000000,0.000000000,0.000000000,0.000000000,0.000000000,
0.000000000,-0.000000000,0.002585650,0.005301479,0.009852105,
0.016158903,0.024259259,0.034363881,0.046515957,0.060636992,
0.076696505,0.094518964,0.113974874,0.134850267,0.156947905,
0.180041322,0.203941959,0.228419753,0.253304130,0.278419395,
0.303631778,0.328800251,0.353834165,0.378658838,0.403217338,
0.427481928,0.451432818,0.475076291,0.498426249,0.521496560,
0.544323864,0.566915730,0.589303233,0.611502762,0.633519737,
0.655352877,0.676986006,0.698391906,0.719532563,0.740345005,
0.760771948,0.780747296,0.800185891,0.818990741,0.837077807,
0.854372349,0.870775316,0.886209199,0.900617284,0.913930412,
0.926122918,0.937157016,0.947045876,0.955814417,0.963440899,
0.970082200,0.975633063,0.980326438,0.984122224,0.987059887,
0.989739416,0.992418944,0.995098473,0.997778001,1.000000000,
1.000000000,1.000000000,1.000000000,1.000000000,1.000000000,
1.000000000,1.000000000,1.000000000,1.000000000,1.000000000,
1.000000000,1.000000000,1.000000000,1.000000000,1.000000000,
1.000000000,1.000000000,1.000000000,1.000000000,1.000000000,
1.000000000,1.000000000,1.000000000,1.000000000,1.000000000,
1.000000000,1.000000000,1.000000000,1.000000000,1.000000000,
1.000000000,1.000000000,1.000000000,1.000000000,1.000000000,
1.000000000,1.000000000,
hwc2x1fract=0.000000000,0.000000000,0.000000000,0.000000000,
0.000000000,0.000000000,0.000000000,0.000000000,0.000000000,
0.000000000,0.000000000,0.000000000,0.000000000,0.000000000,
0.000000000,0.000000000,0.000000000,0.000000000,0.000000000,
0.000000000,0.000000000,0.000000000,0.000000000,0.000000000,
0.000000000,-0.000000000,0.002912904,0.006491320,0.012333567,
0.020274272,0.030602837,0.043186441,0.057900314,0.074590592,
0.093092486,0.113150259,0.134524590,0.156970218,0.180242604,
0.204126506,0.228412698,0.252936118,0.277533825,0.302080783,
0.326482382,0.350673887,0.374624553,0.398288235,0.421678281,
0.444792865,0.467662116,0.490315671,0.512788354,0.535111235,
0.557314507,0.579410143,0.601416026,0.623331510,0.645157609,
0.666848649,0.688376206,0.709697452,0.730745568,0.751443193,
0.771710000,0.791462585,0.810609185,0.829048051,0.846696735,
0.863469722,0.879293436,0.894089928,0.907805281,0.920432464,
0.931889913,0.942220058,0.951428876,0.959562058,0.966571108,
0.972605831,0.977718861,0.981973584,0.985558219,0.988297945,
0.991037671,0.993777397,0.996517123,0.999256849,1.000000000,
1.000000000,1.000000000,1.000000000,1.000000000,1.000000000,
1.000000000,1.000000000,1.000000000,1.000000000,1.000000000,
1.000000000,1.000000000,1.000000000,1.000000000,1.000000000,
1.000000000,1.000000000,1.000000000,1.000000000,1.000000000,
1.000000000,1.000000000,1.000000000,1.000000000,1.000000000,
1.000000000,1.000000000,1.000000000,1.000000000,1.000000000,
1.000000000,1.000000000,1.000000000,1.000000000,1.000000000,
1.000000000,1.000000000,
hwc2x2fract=0.000000000,0.000000000,0.000000000,0.000000000,
0.000000000,0.000000000,0.000000000,0.000000000,0.000000000,
0.000000000,0.000000000,0.000000000,0.000000000,0.000000000,
0.000000000,0.000000000,0.000000000,0.000000000,0.000000000,
0.000000000,0.000000000,0.000000000,0.000000000,0.000000000,
0.000000000,-0.000000000,0.003246226,0.007501360,0.013843284,
0.022421078,0.033186361,0.046122957,0.061144822,0.078096085,
0.096779081,0.117000000,0.138537528,0.161181924,0.184713945,
0.208930318,0.233638060,0.258662060,0.283852459,0.309073140,
0.334222083,0.359203980,0.383953202,0.408418491,0.432559952,
0.456357733,0.479807692,0.502907110,0.525671558,0.548110368,
0.570246981,0.592087852,0.613649518,0.634952280,0.655986430,
0.676764706,0.697265784,0.717477432,0.737371795,0.756910058,
0.776052880,0.794745370,0.812925627,0.830538329,0.847502078,
0.863760956,0.879234848,0.893848895,0.907542989,0.920282792,
0.931963293,0.942596057,0.952141577,0.960615208,0.967941684,
0.974272451,0.979565725,0.983811356,0.987104139,0.990050081,
0.992996023,0.995941965,0.998887907,1.000000000,1.000000000,
1.000000000,1.000000000,1.000000000,1.000000000,1.000000000,
1.000000000,1.000000000,1.000000000,1.000000000,1.000000000,
1.000000000,1.000000000,1.000000000,1.000000000,1.000000000,
1.000000000,1.000000000,1.000000000,1.000000000,1.000000000,
1.000000000,1.000000000,1.000000000,1.000000000,1.000000000,
1.000000000,1.000000000,1.000000000,1.000000000,1.000000000,
1.000000000,1.000000000,1.000000000,1.000000000,1.000000000,
1.000000000,1.000000000,
hwc2v1fract=0.000000000,0.000000000,0.000000000,0.000000000,
0.000000000,0.000000000,0.000000000,0.000000000,0.000000000,
0.000000000,0.000000000,0.000000000,0.000000000,0.000000000,
0.000000000,0.000000000,0.000000000,0.000000000,0.000000000,
0.000000000,0.000000000,0.000000000,0.000000000,0.000000000,
0.000000000,-0.000000000,0.003006615,0.006721144,0.012414840,
0.020013999,0.029849037,0.041820563,0.055810502,0.071776930,
0.089525783,0.108903904,0.129680511,0.151655405,0.174592549,
0.198285372,0.222539780,0.247165842,0.272004981,0.296911582,
0.321786600,0.346527094,0.371060976,0.395349819,0.419360812,
0.443077830,0.466513388,0.489677419,0.512574032,0.535242390,
0.557701342,0.579972253,0.602057206,0.623973799,0.645713514,
0.667266881,0.688598726,0.709675052,0.730457819,0.750877901,
0.770872781,0.790368774,0.809281716,0.827517889,0.845021222,
0.861682848,0.877446483,0.892236091,0.906003279,0.918691789,
0.930294595,0.940760447,0.950138239,0.958363422,0.965588423,
0.971733725,0.976956215,0.981320755,0.985040074,0.987667849,
0.990295625,0.992923400,0.995551176,0.998178952,1.000000000,
1.000000000,1.000000000,1.000000000,1.000000000,1.000000000,
1.000000000,1.000000000,1.000000000,1.000000000,1.000000000,
1.000000000,1.000000000,1.000000000,1.000000000,1.000000000,
1.000000000,1.000000000,1.000000000,1.000000000,1.000000000,
1.000000000,1.000000000,1.000000000,1.000000000,1.000000000,
1.000000000,1.000000000,1.000000000,1.000000000,1.000000000,
1.000000000,1.000000000,1.000000000,1.000000000,1.000000000,
1.000000000,1.000000000,
hwc2v2fract=0.000000000,0.000000000,0.000000000,0.000000000,
0.000000000,0.000000000,0.000000000,0.000000000,0.000000000,
0.000000000,0.000000000,0.000000000,0.000000000,0.000000000,
0.000000000,0.000000000,0.000000000,0.000000000,0.000000000,
0.000000000,0.000000000,0.000000000,0.000000000,0.000000000,
0.000000000,-0.000000000,0.002904022,0.006416391,0.012000676,
0.019535263,0.029264476,0.041099476,0.054952762,0.070768581,
0.088342491,0.107495030,0.128033827,0.149750831,0.172450867,
0.195929678,0.220000000,0.244495074,0.269260870,0.294164589,
0.319090909,0.343945409,0.368651478,0.393152439,0.417400483,
0.441369048,0.465047004,0.488420441,0.511494845,0.534275198,
0.556765363,0.578988950,0.600943293,0.622637540,0.644072495,
0.665246849,0.686145078,0.706741573,0.727015075,0.746937870,
0.766459538,0.785525328,0.804078827,0.822058304,0.839410760,
0.856048583,0.871908250,0.886927273,0.901045332,0.914191693,
0.926316849,0.937385466,0.947376121,0.956282787,0.964102853,
0.970834075,0.976498744,0.981209613,0.985137298,0.987897061,
0.990656824,0.993416586,0.996176349,0.998936111,1.000000000,
1.000000000,1.000000000,1.000000000,1.000000000,1.000000000,
1.000000000,1.000000000,1.000000000,1.000000000,1.000000000,
1.000000000,1.000000000,1.000000000,1.000000000,1.000000000,
1.000000000,1.000000000,1.000000000,1.000000000,1.000000000,
1.000000000,1.000000000,1.000000000,1.000000000,1.000000000,
1.000000000,1.000000000,1.000000000,1.000000000,1.000000000,
1.000000000,1.000000000,1.000000000,1.000000000,1.000000000,
1.000000000,1.000000000,