; For HKS DC test. Adapted from sdriftmap.param
; L.Yuan 06/07/2003
;
; Lookup table for Hall C drift chamber time to distance map.
;
;number of bins in Meek's time to distance lookup table
hdriftbins=126
;number of 1st bin in Meek's table in ns
hdrift1stbin=-50
;bin size in ns of Meek's table
hdriftbinsz=2
;
hwc1u1fract=0.0000,0.0001,0.0001,0.0002,0.0004,0.0005,0.0008,0.0010
0.0013,0.0015,0.0018,0.0020,0.0023,0.0025,0.0028,0.0030,0.0033,0.0035
0.0038,0.0041,0.0044,0.0046,0.0049,0.0052,0.0059,0.0081,0.0136,0.0237
0.0372,0.0541,0.0726,0.0933,0.1148,0.1372,0.1602,0.1841,0.2065,0.2296
0.2530,0.2764,0.2997,0.3229,0.3468,0.3697,0.3922,0.4143,0.4370,0.4591
0.4809,0.5040,0.5267,0.5478,0.5694,0.5918,0.6133,0.6343,0.6544,0.6749
0.6956,0.7160,0.7356,0.7551,0.7749,0.7937,0.8119,0.8296,0.8476,0.8651
0.8824,0.8979,0.9120,0.9261,0.9377,0.9480,0.9564,0.9635,0.9695,0.9744
0.9788,0.9820,0.9848,0.9872,0.9894,0.9912,0.9927,0.9940,0.9952,0.9963
0.9973,0.9981,0.9986,0.9990,0.9991,0.9993,0.9995,0.9996,0.9997,0.9997
0.9998,0.9998,0.9998,0.9998,0.9998,0.9998,0.9998,0.9998,0.9998,0.9998
0.9999,0.9999,0.9999,0.9999,0.9999,0.9999,0.9999,0.9999,0.9999,1.0000
1.0000,1.0000,1.0000,1.0000,1.0000,1.0000,1.0000,1.0000,
hwc1u2fract=0.0000,0.0001,0.0001,0.0002,0.0003,0.0004,0.0005,0.0007
0.0010,0.0012,0.0014,0.0016,0.0019,0.0020,0.0022,0.0023,0.0026,0.0029
0.0031,0.0034,0.0035,0.0038,0.0040,0.0044,0.0049,0.0067,0.0111,0.0196
0.0319,0.0471,0.0647,0.0842,0.1043,0.1272,0.1501,0.1729,0.1961,0.2188
0.2424,0.2662,0.2896,0.3125,0.3361,0.3586,0.3814,0.4038,0.4258,0.4475
0.4696,0.4935,0.5164,0.5386,0.5609,0.5819,0.6032,0.6242,0.6461,0.6667
0.6863,0.7065,0.7267,0.7462,0.7658,0.7855,0.8041,0.8227,0.8411,0.8593
0.8763,0.8929,0.9077,0.9226,0.9347,0.9456,0.9549,0.9625,0.9691,0.9740
0.9781,0.9812,0.9843,0.9869,0.9891,0.9910,0.9926,0.9940,0.9953,0.9964
0.9974,0.9982,0.9986,0.9989,0.9992,0.9994,0.9995,0.9996,0.9996,0.9997
0.9997,0.9997,0.9997,0.9997,0.9998,0.9998,0.9998,0.9998,0.9998,0.9999
0.9999,0.9999,0.9999,0.9999,0.9999,0.9999,0.9999,0.9999,0.9999,0.9999
0.9999,0.9999,1.0000,1.0000,1.0000,1.0000,1.0000,1.0000,
hwc1x1fract=0.0000,0.0001,0.0001,0.0002,0.0004,0.0006,0.0008,0.0010
0.0012,0.0016,0.0018,0.0021,0.0023,0.0026,0.0028,0.0030,0.0032,0.0034
0.0037,0.0039,0.0041,0.0042,0.0044,0.0046,0.0051,0.0062,0.0093,0.0162
0.0266,0.0405,0.0577,0.0770,0.0988,0.1205,0.1441,0.1676,0.1903,0.2137
0.2376,0.2611,0.2849,0.3081,0.3318,0.3541,0.3768,0.3996,0.4218,0.4443
0.4677,0.4897,0.5115,0.5323,0.5540,0.5763,0.5978,0.6194,0.6403,0.6618
0.6820,0.7028,0.7225,0.7427,0.7631,0.7830,0.8022,0.8201,0.8387,0.8565
0.8738,0.8905,0.9068,0.9216,0.9345,0.9455,0.9553,0.9631,0.9692,0.9744
0.9791,0.9827,0.9856,0.9879,0.9899,0.9917,0.9931,0.9944,0.9959,0.9971
0.9982,0.9991,0.9993,0.9995,0.9996,0.9997,0.9997,0.9998,0.9998,0.9999
0.9999,0.9999,0.9999,0.9999,0.9999,0.9999,0.9999,0.9999,0.9999,0.9999
0.9999,0.9999,0.9999,1.0000,1.0000,1.0000,1.0000,1.0000,1.0000,1.0000
1.0000,1.0000,1.0000,1.0000,1.0000,1.0000,1.0000,1.0000,
hwc1x2fract=0.0000,0.0000,0.0001,0.0002,0.0003,0.0004,0.0007,0.0008
0.0012,0.0014,0.0018,0.0020,0.0023,0.0025,0.0029,0.0031,0.0034,0.0036
0.0038,0.0041,0.0043,0.0044,0.0047,0.0049,0.0055,0.0072,0.0108,0.0184
0.0305,0.0451,0.0625,0.0821,0.1035,0.1256,0.1483,0.1723,0.1951,0.2185
0.2421,0.2654,0.2882,0.3107,0.3338,0.3572,0.3801,0.4035,0.4255,0.4476
0.4702,0.4925,0.5143,0.5359,0.5564,0.5787,0.5996,0.6213,0.6429,0.6638
0.6854,0.7058,0.7262,0.7470,0.7660,0.7851,0.8040,0.8230,0.8420,0.8605
0.8786,0.8945,0.9093,0.9239,0.9362,0.9472,0.9567,0.9648,0.9710,0.9760
0.9799,0.9832,0.9859,0.9880,0.9900,0.9918,0.9935,0.9950,0.9963,0.9973
0.9982,0.9989,0.9991,0.9993,0.9995,0.9996,0.9997,0.9997,0.9998,0.9998
0.9998,0.9999,0.9999,0.9999,0.9999,0.9999,0.9999,0.9999,0.9999,0.9999
0.9999,0.9999,0.9999,0.9999,0.9999,0.9999,0.9999,0.9999,0.9999,1.0000
1.0000,1.0000,1.0000,1.0000,1.0000,1.0000,1.0000,1.0000,
hwc1v1fract=0.0000,0.0000,0.0000,0.0001,0.0002,0.0003,0.0005,0.0007
0.0009,0.0011,0.0013,0.0016,0.0019,0.0021,0.0023,0.0025,0.0028,0.0030
0.0033,0.0035,0.0037,0.0040,0.0043,0.0044,0.0048,0.0059,0.0082,0.0138
0.0235,0.0372,0.0541,0.0725,0.0929,0.1148,0.1368,0.1604,0.1833,0.2057
0.2288,0.2513,0.2741,0.2976,0.3202,0.3435,0.3667,0.3885,0.4111,0.4339
0.4554,0.4777,0.5006,0.5227,0.5445,0.5668,0.5880,0.6104,0.6308,0.6524
0.6724,0.6917,0.7118,0.7316,0.7513,0.7710,0.7906,0.8101,0.8284,0.8452
0.8632,0.8795,0.8965,0.9117,0.9252,0.9372,0.9476,0.9568,0.9640,0.9702
0.9751,0.9790,0.9825,0.9850,0.9875,0.9894,0.9912,0.9927,0.9942,0.9952
0.9964,0.9973,0.9979,0.9984,0.9988,0.9990,0.9991,0.9993,0.9994,0.9995
0.9996,0.9996,0.9996,0.9997,0.9997,0.9998,0.9998,0.9998,0.9998,0.9998
0.9999,0.9999,0.9999,0.9999,0.9999,0.9999,0.9999,0.9999,0.9999,0.9999
0.9999,1.0000,1.0000,1.0000,1.0000,1.0000,1.0000,1.0000,
hwc1v2fract=0.0000,0.0000,0.0001,0.0001,0.0002,0.0004,0.0005,0.0007
0.0009,0.0012,0.0014,0.0016,0.0018,0.0019,0.0021,0.0024,0.0026,0.0029
0.0031,0.0034,0.0036,0.0039,0.0042,0.0045,0.0051,0.0066,0.0103,0.0173
0.0284,0.0434,0.0602,0.0793,0.1003,0.1219,0.1443,0.1672,0.1902,0.2122
0.2358,0.2593,0.2832,0.3063,0.3298,0.3533,0.3764,0.3992,0.4213,0.4441
0.4670,0.4891,0.5108,0.5334,0.5550,0.5770,0.5983,0.6199,0.6411,0.6614
0.6816,0.7016,0.7213,0.7406,0.7602,0.7794,0.7990,0.8173,0.8353,0.8541
0.8717,0.8884,0.9038,0.9175,0.9303,0.9418,0.9517,0.9602,0.9664,0.9720
0.9764,0.9799,0.9831,0.9859,0.9881,0.9899,0.9915,0.9931,0.9945,0.9958
0.9967,0.9975,0.9981,0.9986,0.9989,0.9991,0.9993,0.9994,0.9995,0.9996
0.9996,0.9997,0.9997,0.9997,0.9998,0.9998,0.9998,0.9998,0.9998,0.9998
0.9999,0.9999,0.9999,0.9999,0.9999,0.9999,1.0000,1.0000,1.0000,1.0000
1.0000,1.0000,1.0000,1.0000,1.0000,1.0000,1.0000,1.0000,
hwc2u1fract=0.0000,0.0000,0.0000,0.0000,0.0000,0.0000,0.0000,0.0000
0.0000,0.0001,0.0001,0.0001,0.0001,0.0001,0.0001,0.0001,0.0001,0.0001
0.0001,0.0001,0.0001,0.0001,0.0002,0.0003,0.0005,0.0018,0.0052,0.0135
0.0264,0.0428,0.0619,0.0831,0.1043,0.1266,0.1490,0.1715,0.1938,0.2167
0.2399,0.2629,0.2852,0.3079,0.3300,0.3522,0.3746,0.3965,0.4197,0.4416
0.4631,0.4854,0.5066,0.5291,0.5513,0.5727,0.5942,0.6150,0.6368,0.6589
0.6792,0.6992,0.7199,0.7405,0.7607,0.7802,0.8000,0.8193,0.8387,0.8575
0.8752,0.8919,0.9078,0.9222,0.9353,0.9462,0.9560,0.9640,0.9708,0.9762
0.9802,0.9834,0.9864,0.9888,0.9907,0.9925,0.9938,0.9950,0.9962,0.9972
0.9981,0.9988,0.9992,0.9993,0.9994,0.9996,0.9996,0.9997,0.9997,0.9997
0.9997,0.9997,0.9997,0.9998,0.9998,0.9998,0.9998,0.9998,0.9998,0.9998
0.9999,0.9999,0.9999,0.9999,0.9999,0.9999,0.9999,0.9999,0.9999,1.0000
1.0000,1.0000,1.0000,1.0000,1.0000,1.0000,1.0000,1.0000,
hwc2u2fract=0.0000,0.0000,0.0000,0.0000,0.0000,0.0000,0.0000,0.0000
0.0000,0.0000,0.0000,0.0000,0.0000,0.0000,0.0000,0.0000,0.0001,0.0001
0.0001,0.0001,0.0001,0.0001,0.0002,0.0003,0.0004,0.0010,0.0035,0.0095
0.0202,0.0352,0.0530,0.0734,0.0947,0.1163,0.1398,0.1633,0.1867,0.2097
0.2331,0.2554,0.2791,0.3014,0.3237,0.3464,0.3689,0.3910,0.4136,0.4365
0.4596,0.4817,0.5036,0.5254,0.5477,0.5690,0.5903,0.6113,0.6330,0.6534
0.6738,0.6946,0.7152,0.7355,0.7559,0.7758,0.7958,0.8144,0.8332,0.8523
0.8700,0.8874,0.9033,0.9187,0.9320,0.9429,0.9536,0.9621,0.9691,0.9747
0.9792,0.9827,0.9853,0.9875,0.9895,0.9914,0.9930,0.9944,0.9955,0.9965
0.9976,0.9985,0.9990,0.9992,0.9994,0.9996,0.9998,0.9998,0.9998,0.9999
0.9999,0.9999,0.9999,0.9999,0.9999,0.9999,0.9999,0.9999,0.9999,0.9999
0.9999,1.0000,1.0000,1.0000,1.0000,1.0000,1.0000,1.0000,1.0000,1.0000
1.0000,1.0000,1.0000,1.0000,1.0000,1.0000,1.0000,1.0000,
hwc2x1fract=0.0000,0.0000,0.0000,0.0000,0.0000,0.0000,0.0000,0.0000
0.0000,0.0000,0.0000,0.0000,0.0000,0.0000,0.0000,0.0000,0.0000,0.0000
0.0000,0.0000,0.0000,0.0000,0.0001,0.0001,0.0003,0.0015,0.0046,0.0121
0.0246,0.0408,0.0605,0.0814,0.1033,0.1257,0.1482,0.1708,0.1943,0.2176
0.2401,0.2633,0.2855,0.3088,0.3314,0.3543,0.3754,0.3979,0.4212,0.4430
0.4655,0.4873,0.5083,0.5297,0.5516,0.5732,0.5942,0.6154,0.6373,0.6585
0.6794,0.6996,0.7203,0.7406,0.7607,0.7802,0.8002,0.8186,0.8373,0.8561
0.8739,0.8904,0.9074,0.9222,0.9354,0.9466,0.9556,0.9631,0.9697,0.9747
0.9790,0.9821,0.9851,0.9874,0.9895,0.9912,0.9927,0.9943,0.9956,0.9966
0.9980,0.9987,0.9990,0.9992,0.9994,0.9995,0.9995,0.9996,0.9997,0.9997
0.9998,0.9998,0.9999,0.9999,0.9999,0.9999,0.9999,0.9999,0.9999,0.9999
1.0000,1.0000,1.0000,1.0000,1.0000,1.0000,1.0000,1.0000,1.0000,1.0000
1.0000,1.0000,1.0000,1.0000,1.0000,1.0000,1.0000,1.0000,
hwc2x2fract=0.0000,0.0000,0.0000,0.0000,0.0000,0.0000,0.0000,0.0000
0.0000,0.0001,0.0001,0.0001,0.0001,0.0001,0.0001,0.0001,0.0001,0.0001
0.0001,0.0001,0.0001,0.0001,0.0002,0.0002,0.0007,0.0019,0.0057,0.0147
0.0284,0.0466,0.0675,0.0891,0.1115,0.1344,0.1567,0.1791,0.2029,0.2251
0.2481,0.2710,0.2936,0.3155,0.3369,0.3592,0.3812,0.4026,0.4251,0.4474
0.4690,0.4909,0.5125,0.5341,0.5558,0.5778,0.5991,0.6206,0.6415,0.6620
0.6829,0.7032,0.7248,0.7446,0.7648,0.7853,0.8047,0.8227,0.8413,0.8592
0.8773,0.8937,0.9100,0.9247,0.9378,0.9492,0.9586,0.9664,0.9726,0.9775
0.9813,0.9845,0.9868,0.9891,0.9909,0.9927,0.9939,0.9952,0.9963,0.9973
0.9985,0.9993,0.9996,0.9997,0.9998,0.9998,0.9999,0.9999,0.9999,0.9999
0.9999,0.9999,0.9999,0.9999,0.9999,0.9999,0.9999,0.9999,0.9999,0.9999
1.0000,1.0000,1.0000,1.0000,1.0000,1.0000,1.0000,1.0000,1.0000,1.0000
1.0000,1.0000,1.0000,1.0000,1.0000,1.0000,1.0000,1.0000,
hwc2v1fract=0.0000,0.0000,0.0000,0.0000,0.0000,0.0000,0.0000,0.0000
0.0000,0.0000,0.0000,0.0000,0.0000,0.0000,0.0000,0.0000,0.0000,0.0001
0.0001,0.0001,0.0001,0.0001,0.0001,0.0002,0.0007,0.0020,0.0064,0.0155
0.0296,0.0466,0.0666,0.0877,0.1093,0.1322,0.1547,0.1773,0.2005,0.2244
0.2471,0.2698,0.2914,0.3131,0.3360,0.3580,0.3805,0.4031,0.4263,0.4484
0.4704,0.4926,0.5140,0.5352,0.5577,0.5794,0.6010,0.6227,0.6437,0.6634
0.6838,0.7045,0.7247,0.7442,0.7640,0.7835,0.8020,0.8209,0.8396,0.8582
0.8750,0.8917,0.9075,0.9219,0.9345,0.9461,0.9555,0.9635,0.9697,0.9751
0.9795,0.9828,0.9855,0.9878,0.9896,0.9912,0.9930,0.9943,0.9954,0.9966
0.9977,0.9987,0.9991,0.9994,0.9996,0.9997,0.9998,0.9998,0.9999,0.9999
0.9999,0.9999,0.9999,0.9999,0.9999,0.9999,0.9999,1.0000,1.0000,1.0000
1.0000,1.0000,1.0000,1.0000,1.0000,1.0000,1.0000,1.0000,1.0000,1.0000
1.0000,1.0000,1.0000,1.0000,1.0000,1.0000,1.0000,1.0000,
hwc2v2fract=0.0000,0.0000,0.0000,0.0000,0.0000,0.0000,0.0000,0.0000
0.0001,0.0001,0.0001,0.0001,0.0001,0.0001,0.0001,0.0001,0.0001,0.0001
0.0001,0.0001,0.0001,0.0001,0.0002,0.0003,0.0005,0.0026,0.0083,0.0193
0.0348,0.0534,0.0737,0.0959,0.1178,0.1408,0.1629,0.1850,0.2069,0.2299
0.2519,0.2746,0.2968,0.3185,0.3401,0.3632,0.3852,0.4075,0.4298,0.4520
0.4741,0.4950,0.5178,0.5391,0.5607,0.5828,0.6043,0.6247,0.6450,0.6660
0.6867,0.7076,0.7289,0.7485,0.7679,0.7868,0.8061,0.8246,0.8428,0.8605
0.8786,0.8951,0.9111,0.9260,0.9387,0.9494,0.9584,0.9660,0.9718,0.9767
0.9804,0.9837,0.9864,0.9886,0.9905,0.9920,0.9934,0.9947,0.9959,0.9969
0.9978,0.9987,0.9992,0.9994,0.9995,0.9996,0.9997,0.9998,0.9999,0.9999
0.9999,0.9999,0.9999,0.9999,0.9999,0.9999,0.9999,0.9999,0.9999,0.9999
0.9999,0.9999,1.0000,1.0000,1.0000,1.0000,1.0000,1.0000,1.0000,1.0000
1.0000,1.0000,1.0000,1.0000,1.0000,1.0000,1.0000,1.0000,
