; For HKS DC test. Adapted from sdriftmap.param
; L.Yuan 06/07/2003
;
; Lookup table for Hall C drift chamber time to distance map.
;
;number of bins in Meek's time to distance lookup table
hdriftbins=126
;number of 1st bin in Meek's table in ns
hdrift1stbin=-50
;bin size in ns of Meek's table
hdriftbinsz=2
;
hwc1u1fract=0.0003,0.0006,0.0010,0.0015,0.0021,0.0027,0.0037,0.0048
0.0058,0.0070,0.0085,0.0097,0.0113,0.0129,0.0145,0.0160,0.0175,0.0194
0.0209,0.0226,0.0242,0.0260,0.0276,0.0292,0.0310,0.0333,0.0372,0.0433
0.0521,0.0633,0.0762,0.0916,0.1090,0.1283,0.1485,0.1706,0.1933,0.2160
0.2396,0.2640,0.2879,0.3112,0.3346,0.3575,0.3820,0.4056,0.4294,0.4516
0.4739,0.4965,0.5188,0.5410,0.5633,0.5855,0.6070,0.6279,0.6496,0.6703
0.6910,0.7103,0.7296,0.7486,0.7673,0.7856,0.8027,0.8208,0.8380,0.8547
0.8706,0.8857,0.8998,0.9125,0.9241,0.9339,0.9425,0.9497,0.9562,0.9615
0.9664,0.9700,0.9732,0.9758,0.9782,0.9803,0.9822,0.9842,0.9856,0.9871
0.9885,0.9898,0.9906,0.9914,0.9920,0.9925,0.9929,0.9933,0.9937,0.9940
0.9943,0.9945,0.9948,0.9949,0.9951,0.9953,0.9956,0.9958,0.9960,0.9963
0.9965,0.9967,0.9969,0.9972,0.9974,0.9976,0.9978,0.9980,0.9983,0.9985
0.9987,0.9989,0.9991,0.9993,0.9994,0.9996,0.9998,1.0000,
hwc1u2fract=0.0003,0.0006,0.0011,0.0015,0.0021,0.0028,0.0035,0.0044
0.0052,0.0063,0.0074,0.0087,0.0098,0.0111,0.0124,0.0138,0.0154,0.0170
0.0185,0.0201,0.0217,0.0231,0.0247,0.0264,0.0282,0.0306,0.0341,0.0395
0.0471,0.0569,0.0682,0.0815,0.0968,0.1137,0.1330,0.1530,0.1751,0.1978
0.2205,0.2437,0.2676,0.2917,0.3157,0.3407,0.3652,0.3895,0.4129,0.4372
0.4607,0.4838,0.5067,0.5295,0.5521,0.5736,0.5959,0.6174,0.6387,0.6587
0.6785,0.6987,0.7181,0.7371,0.7560,0.7743,0.7926,0.8103,0.8280,0.8458
0.8621,0.8774,0.8914,0.9054,0.9182,0.9283,0.9381,0.9456,0.9525,0.9585
0.9630,0.9671,0.9708,0.9738,0.9765,0.9789,0.9814,0.9834,0.9851,0.9867
0.9879,0.9891,0.9900,0.9908,0.9915,0.9921,0.9928,0.9933,0.9935,0.9939
0.9942,0.9945,0.9948,0.9951,0.9953,0.9955,0.9957,0.9960,0.9962,0.9964
0.9966,0.9968,0.9971,0.9972,0.9974,0.9976,0.9978,0.9981,0.9983,0.9984
0.9987,0.9988,0.9990,0.9993,0.9994,0.9996,0.9998,1.0000,
hwc1x1fract=0.0001,0.0004,0.0007,0.0010,0.0015,0.0022,0.0031,0.0040
0.0051,0.0064,0.0078,0.0090,0.0106,0.0123,0.0137,0.0152,0.0167,0.0181
0.0195,0.0208,0.0224,0.0235,0.0248,0.0260,0.0273,0.0291,0.0316,0.0363
0.0430,0.0523,0.0648,0.0797,0.0969,0.1158,0.1359,0.1579,0.1802,0.2038
0.2271,0.2512,0.2753,0.2996,0.3226,0.3449,0.3678,0.3905,0.4126,0.4352
0.4581,0.4804,0.5019,0.5230,0.5442,0.5659,0.5870,0.6084,0.6283,0.6485
0.6683,0.6885,0.7082,0.7283,0.7476,0.7668,0.7854,0.8035,0.8220,0.8398
0.8572,0.8736,0.8891,0.9037,0.9173,0.9299,0.9405,0.9492,0.9570,0.9632
0.9690,0.9733,0.9772,0.9805,0.9832,0.9858,0.9878,0.9896,0.9912,0.9927
0.9940,0.9950,0.9955,0.9960,0.9963,0.9966,0.9968,0.9971,0.9972,0.9974
0.9975,0.9977,0.9978,0.9979,0.9980,0.9981,0.9983,0.9984,0.9984,0.9985
0.9986,0.9987,0.9988,0.9989,0.9990,0.9990,0.9991,0.9991,0.9992,0.9993
0.9994,0.9995,0.9996,0.9996,0.9997,0.9998,0.9999,1.0000,
hwc1x2fract=0.0002,0.0004,0.0006,0.0010,0.0015,0.0023,0.0029,0.0039
0.0049,0.0061,0.0076,0.0090,0.0106,0.0122,0.0137,0.0151,0.0166,0.0181
0.0193,0.0206,0.0219,0.0230,0.0241,0.0253,0.0266,0.0284,0.0318,0.0366
0.0444,0.0550,0.0690,0.0849,0.1032,0.1233,0.1445,0.1674,0.1900,0.2142
0.2373,0.2611,0.2848,0.3085,0.3324,0.3561,0.3796,0.4019,0.4248,0.4477
0.4695,0.4913,0.5144,0.5355,0.5568,0.5776,0.5989,0.6193,0.6395,0.6593
0.6784,0.6980,0.7177,0.7366,0.7558,0.7741,0.7938,0.8124,0.8309,0.8482
0.8655,0.8823,0.8977,0.9119,0.9244,0.9359,0.9456,0.9542,0.9611,0.9667
0.9714,0.9758,0.9793,0.9823,0.9847,0.9867,0.9885,0.9901,0.9919,0.9933
0.9945,0.9954,0.9958,0.9963,0.9966,0.9969,0.9972,0.9973,0.9975,0.9976
0.9978,0.9980,0.9981,0.9982,0.9982,0.9983,0.9984,0.9985,0.9985,0.9986
0.9987,0.9988,0.9989,0.9989,0.9990,0.9990,0.9991,0.9992,0.9993,0.9994
0.9995,0.9996,0.9997,0.9997,0.9998,0.9998,0.9999,1.0000,
hwc1v1fract=0.0002,0.0006,0.0010,0.0014,0.0020,0.0025,0.0033,0.0041
0.0051,0.0063,0.0075,0.0086,0.0101,0.0114,0.0127,0.0142,0.0156,0.0171
0.0189,0.0205,0.0223,0.0239,0.0256,0.0271,0.0290,0.0309,0.0332,0.0370
0.0432,0.0513,0.0622,0.0750,0.0898,0.1062,0.1250,0.1449,0.1659,0.1882
0.2112,0.2353,0.2591,0.2822,0.3062,0.3302,0.3535,0.3776,0.4013,0.4249
0.4481,0.4703,0.4935,0.5161,0.5386,0.5603,0.5822,0.6046,0.6258,0.6470
0.6677,0.6877,0.7074,0.7276,0.7468,0.7648,0.7829,0.8014,0.8192,0.8370
0.8532,0.8694,0.8842,0.8985,0.9113,0.9228,0.9328,0.9418,0.9492,0.9557
0.9611,0.9658,0.9696,0.9730,0.9760,0.9786,0.9810,0.9830,0.9848,0.9866
0.9882,0.9897,0.9906,0.9914,0.9921,0.9928,0.9933,0.9937,0.9941,0.9945
0.9948,0.9951,0.9954,0.9956,0.9959,0.9961,0.9963,0.9965,0.9967,0.9969
0.9970,0.9972,0.9974,0.9976,0.9977,0.9979,0.9981,0.9983,0.9984,0.9986
0.9988,0.9989,0.9991,0.9992,0.9994,0.9996,0.9998,1.0000,
hwc1v2fract=0.0002,0.0006,0.0010,0.0014,0.0019,0.0026,0.0035,0.0043
0.0053,0.0063,0.0074,0.0090,0.0102,0.0115,0.0130,0.0146,0.0161,0.0175
0.0189,0.0206,0.0221,0.0239,0.0253,0.0270,0.0289,0.0311,0.0346,0.0392
0.0466,0.0567,0.0688,0.0822,0.0986,0.1160,0.1346,0.1551,0.1768,0.1992
0.2217,0.2457,0.2698,0.2938,0.3185,0.3429,0.3674,0.3921,0.4149,0.4379
0.4606,0.4840,0.5067,0.5302,0.5520,0.5739,0.5955,0.6167,0.6384,0.6593
0.6798,0.7003,0.7190,0.7386,0.7578,0.7766,0.7943,0.8117,0.8285,0.8454
0.8617,0.8765,0.8909,0.9050,0.9175,0.9276,0.9376,0.9462,0.9529,0.9587
0.9637,0.9681,0.9718,0.9749,0.9777,0.9799,0.9820,0.9839,0.9857,0.9872
0.9887,0.9899,0.9908,0.9915,0.9921,0.9926,0.9932,0.9937,0.9942,0.9946
0.9949,0.9951,0.9954,0.9955,0.9957,0.9960,0.9963,0.9965,0.9966,0.9968
0.9971,0.9972,0.9974,0.9975,0.9977,0.9979,0.9980,0.9982,0.9984,0.9986
0.9988,0.9989,0.9991,0.9993,0.9994,0.9996,0.9998,1.0000,
hwc2u1fract=0.0001,0.0002,0.0003,0.0004,0.0006,0.0006,0.0008,0.0010
0.0011,0.0012,0.0013,0.0014,0.0015,0.0017,0.0018,0.0019,0.0020,0.0021
0.0022,0.0023,0.0024,0.0027,0.0029,0.0033,0.0041,0.0055,0.0088,0.0148
0.0250,0.0389,0.0554,0.0738,0.0941,0.1155,0.1379,0.1609,0.1837,0.2067
0.2307,0.2537,0.2775,0.3007,0.3239,0.3480,0.3713,0.3937,0.4170,0.4396
0.4618,0.4846,0.5064,0.5288,0.5507,0.5723,0.5938,0.6153,0.6368,0.6579
0.6787,0.6990,0.7190,0.7389,0.7585,0.7780,0.7973,0.8165,0.8347,0.8532
0.8706,0.8877,0.9033,0.9173,0.9304,0.9414,0.9506,0.9587,0.9651,0.9709
0.9754,0.9791,0.9820,0.9845,0.9869,0.9890,0.9905,0.9920,0.9932,0.9942
0.9952,0.9961,0.9966,0.9970,0.9972,0.9975,0.9977,0.9978,0.9979,0.9981
0.9982,0.9983,0.9984,0.9985,0.9985,0.9986,0.9987,0.9987,0.9988,0.9989
0.9990,0.9990,0.9991,0.9991,0.9992,0.9992,0.9993,0.9993,0.9994,0.9994
0.9995,0.9996,0.9996,0.9997,0.9998,0.9998,0.9999,1.0000,
hwc2u2fract=0.0001,0.0002,0.0003,0.0004,0.0005,0.0006,0.0007,0.0009
0.0010,0.0010,0.0011,0.0013,0.0014,0.0015,0.0017,0.0017,0.0018,0.0020
0.0021,0.0023,0.0024,0.0026,0.0028,0.0030,0.0036,0.0046,0.0069,0.0117
0.0193,0.0310,0.0455,0.0620,0.0804,0.0999,0.1215,0.1443,0.1674,0.1911
0.2149,0.2384,0.2616,0.2848,0.3085,0.3322,0.3554,0.3781,0.4007,0.4232
0.4454,0.4680,0.4913,0.5136,0.5361,0.5588,0.5804,0.6024,0.6237,0.6451
0.6661,0.6873,0.7076,0.7277,0.7484,0.7687,0.7883,0.8074,0.8261,0.8449
0.8627,0.8802,0.8963,0.9112,0.9248,0.9367,0.9468,0.9547,0.9619,0.9681
0.9729,0.9768,0.9801,0.9827,0.9852,0.9874,0.9894,0.9909,0.9922,0.9938
0.9948,0.9958,0.9963,0.9968,0.9972,0.9974,0.9976,0.9978,0.9980,0.9980
0.9982,0.9983,0.9983,0.9984,0.9985,0.9986,0.9986,0.9987,0.9988,0.9988
0.9989,0.9990,0.9990,0.9991,0.9992,0.9992,0.9993,0.9993,0.9994,0.9995
0.9996,0.9997,0.9997,0.9998,0.9999,0.9999,1.0000,1.0000,
hwc2x1fract=0.0001,0.0001,0.0002,0.0002,0.0003,0.0003,0.0004,0.0004
0.0005,0.0005,0.0006,0.0007,0.0007,0.0008,0.0009,0.0009,0.0010,0.0010
0.0011,0.0011,0.0012,0.0013,0.0015,0.0018,0.0025,0.0037,0.0071,0.0133
0.0231,0.0367,0.0534,0.0735,0.0942,0.1168,0.1395,0.1630,0.1863,0.2090
0.2320,0.2553,0.2779,0.3015,0.3237,0.3477,0.3704,0.3924,0.4145,0.4360
0.4588,0.4812,0.5035,0.5258,0.5467,0.5680,0.5898,0.6113,0.6321,0.6524
0.6732,0.6952,0.7156,0.7356,0.7557,0.7750,0.7947,0.8141,0.8334,0.8518
0.8693,0.8863,0.9022,0.9164,0.9299,0.9413,0.9511,0.9593,0.9661,0.9714
0.9759,0.9800,0.9829,0.9855,0.9877,0.9895,0.9913,0.9928,0.9941,0.9956
0.9967,0.9976,0.9979,0.9982,0.9984,0.9987,0.9988,0.9989,0.9990,0.9991
0.9991,0.9992,0.9992,0.9993,0.9994,0.9994,0.9995,0.9995,0.9995,0.9996
0.9997,0.9997,0.9997,0.9997,0.9997,0.9997,0.9997,0.9998,0.9998,0.9998
0.9998,0.9998,0.9999,0.9999,0.9999,1.0000,1.0000,1.0000,
hwc2x2fract=0.0001,0.0001,0.0001,0.0002,0.0003,0.0003,0.0003,0.0004
0.0004,0.0006,0.0006,0.0007,0.0008,0.0009,0.0009,0.0010,0.0011,0.0011
0.0012,0.0012,0.0013,0.0014,0.0015,0.0019,0.0027,0.0042,0.0072,0.0140
0.0254,0.0401,0.0581,0.0780,0.1000,0.1231,0.1455,0.1685,0.1914,0.2144
0.2379,0.2610,0.2840,0.3067,0.3298,0.3516,0.3741,0.3967,0.4186,0.4408
0.4634,0.4854,0.5087,0.5296,0.5507,0.5723,0.5933,0.6144,0.6357,0.6566
0.6761,0.6965,0.7165,0.7364,0.7561,0.7765,0.7958,0.8147,0.8336,0.8521
0.8699,0.8871,0.9027,0.9175,0.9312,0.9424,0.9518,0.9598,0.9665,0.9722
0.9767,0.9805,0.9835,0.9862,0.9884,0.9905,0.9923,0.9938,0.9951,0.9964
0.9975,0.9982,0.9985,0.9986,0.9988,0.9989,0.9990,0.9990,0.9991,0.9992
0.9992,0.9993,0.9993,0.9994,0.9994,0.9994,0.9994,0.9995,0.9995,0.9996
0.9996,0.9996,0.9996,0.9996,0.9997,0.9997,0.9997,0.9997,0.9998,0.9998
0.9998,0.9998,0.9999,0.9999,0.9999,0.9999,1.0000,1.0000,
hwc2v1fract=0.0001,0.0003,0.0003,0.0004,0.0005,0.0006,0.0008,0.0009
0.0010,0.0011,0.0012,0.0012,0.0013,0.0014,0.0015,0.0016,0.0018,0.0019
0.0020,0.0022,0.0023,0.0024,0.0027,0.0031,0.0037,0.0050,0.0087,0.0154
0.0259,0.0401,0.0570,0.0755,0.0964,0.1185,0.1402,0.1635,0.1855,0.2081
0.2314,0.2548,0.2777,0.3008,0.3238,0.3466,0.3703,0.3932,0.4164,0.4385
0.4609,0.4828,0.5050,0.5276,0.5493,0.5716,0.5933,0.6142,0.6350,0.6553
0.6768,0.6972,0.7170,0.7367,0.7576,0.7765,0.7966,0.8159,0.8348,0.8534
0.8710,0.8874,0.9026,0.9168,0.9296,0.9410,0.9502,0.9584,0.9651,0.9706
0.9749,0.9786,0.9818,0.9844,0.9866,0.9885,0.9900,0.9915,0.9928,0.9940
0.9949,0.9958,0.9963,0.9968,0.9972,0.9974,0.9976,0.9978,0.9980,0.9980
0.9981,0.9982,0.9983,0.9983,0.9984,0.9984,0.9985,0.9985,0.9986,0.9987
0.9987,0.9988,0.9989,0.9989,0.9990,0.9991,0.9991,0.9992,0.9993,0.9994
0.9994,0.9995,0.9996,0.9997,0.9997,0.9999,0.9999,1.0000,
hwc2v2fract=0.0001,0.0001,0.0003,0.0004,0.0005,0.0006,0.0007,0.0008
0.0010,0.0011,0.0012,0.0013,0.0015,0.0017,0.0018,0.0020,0.0020,0.0022
0.0023,0.0025,0.0026,0.0028,0.0030,0.0034,0.0045,0.0064,0.0108,0.0187
0.0312,0.0466,0.0651,0.0850,0.1062,0.1281,0.1515,0.1751,0.1988,0.2217
0.2451,0.2677,0.2903,0.3137,0.3367,0.3597,0.3826,0.4047,0.4271,0.4496
0.4719,0.4944,0.5170,0.5388,0.5602,0.5815,0.6022,0.6233,0.6445,0.6660
0.6873,0.7082,0.7284,0.7479,0.7674,0.7866,0.8052,0.8244,0.8430,0.8609
0.8773,0.8936,0.9087,0.9220,0.9343,0.9449,0.9538,0.9607,0.9669,0.9717
0.9758,0.9794,0.9826,0.9850,0.9869,0.9890,0.9905,0.9920,0.9932,0.9942
0.9952,0.9963,0.9968,0.9972,0.9975,0.9976,0.9978,0.9980,0.9982,0.9983
0.9983,0.9985,0.9985,0.9986,0.9986,0.9987,0.9987,0.9987,0.9988,0.9988
0.9989,0.9990,0.9991,0.9991,0.9992,0.9992,0.9992,0.9993,0.9994,0.9994
0.9995,0.9996,0.9997,0.9997,0.9997,0.9998,0.9999,1.0000,
