; For HKS DC test. Adapted from sdriftmap.param
; L.Yuan 06/07/2003
;
; Lookup table for Hall C drift chamber time to distance map.
;
;number of bins in Meek's time to distance lookup table
hdriftbins=126
;number of 1st bin in Meek's table in ns
hdrift1stbin=-50
;bin size in ns of Meek's table
hdriftbinsz=2
;
hwc1u1fract=0.0003,0.0007,0.0012,0.0018,0.0025,0.0034,0.0045,0.0057
0.0071,0.0083,0.0098,0.0114,0.0130,0.0147,0.0160,0.0178,0.0195,0.0210
0.0226,0.0243,0.0258,0.0277,0.0291,0.0308,0.0328,0.0358,0.0408,0.0492
0.0604,0.0743,0.0910,0.1096,0.1291,0.1502,0.1729,0.1956,0.2181,0.2414
0.2640,0.2871,0.3109,0.3346,0.3577,0.3806,0.4033,0.4265,0.4478,0.4696
0.4915,0.5123,0.5339,0.5553,0.5764,0.5970,0.6181,0.6381,0.6585,0.6791
0.6994,0.7184,0.7378,0.7564,0.7750,0.7931,0.8110,0.8287,0.8453,0.8623
0.8780,0.8930,0.9071,0.9201,0.9310,0.9405,0.9490,0.9560,0.9619,0.9668
0.9708,0.9742,0.9769,0.9791,0.9814,0.9833,0.9849,0.9864,0.9876,0.9889
0.9899,0.9910,0.9917,0.9923,0.9927,0.9931,0.9935,0.9938,0.9940,0.9942
0.9945,0.9949,0.9951,0.9953,0.9955,0.9957,0.9959,0.9961,0.9963,0.9966
0.9967,0.9970,0.9972,0.9973,0.9975,0.9977,0.9979,0.9981,0.9983,0.9985
0.9986,0.9988,0.9990,0.9992,0.9994,0.9996,0.9998,1.0000,
hwc1u2fract=0.0003,0.0007,0.0012,0.0017,0.0025,0.0033,0.0042,0.0053
0.0066,0.0078,0.0091,0.0103,0.0118,0.0134,0.0152,0.0168,0.0183,0.0198
0.0215,0.0230,0.0246,0.0262,0.0279,0.0295,0.0314,0.0341,0.0382,0.0452
0.0550,0.0673,0.0820,0.0995,0.1185,0.1378,0.1596,0.1817,0.2042,0.2275
0.2505,0.2740,0.2976,0.3216,0.3453,0.3686,0.3911,0.4134,0.4363,0.4582
0.4805,0.5023,0.5236,0.5450,0.5663,0.5878,0.6088,0.6291,0.6492,0.6696
0.6897,0.7093,0.7278,0.7467,0.7655,0.7844,0.8032,0.8221,0.8401,0.8572
0.8734,0.8889,0.9035,0.9167,0.9281,0.9381,0.9467,0.9539,0.9601,0.9652
0.9694,0.9729,0.9760,0.9786,0.9809,0.9830,0.9850,0.9866,0.9880,0.9893
0.9904,0.9914,0.9922,0.9928,0.9932,0.9936,0.9939,0.9942,0.9945,0.9948
0.9950,0.9952,0.9955,0.9957,0.9959,0.9961,0.9962,0.9964,0.9965,0.9967
0.9969,0.9971,0.9973,0.9974,0.9976,0.9977,0.9980,0.9982,0.9984,0.9985
0.9987,0.9989,0.9991,0.9993,0.9994,0.9996,0.9998,1.0000,
hwc1x1fract=0.0002,0.0005,0.0008,0.0014,0.0021,0.0031,0.0042,0.0055
0.0068,0.0084,0.0100,0.0115,0.0130,0.0148,0.0163,0.0178,0.0192,0.0204
0.0216,0.0228,0.0241,0.0254,0.0265,0.0274,0.0289,0.0310,0.0345,0.0405
0.0506,0.0648,0.0815,0.1001,0.1206,0.1414,0.1637,0.1862,0.2097,0.2327
0.2564,0.2800,0.3022,0.3249,0.3471,0.3697,0.3916,0.4146,0.4370,0.4586
0.4807,0.5019,0.5230,0.5437,0.5652,0.5866,0.6071,0.6279,0.6482,0.6683
0.6881,0.7080,0.7273,0.7469,0.7662,0.7854,0.8039,0.8220,0.8393,0.8574
0.8741,0.8902,0.9048,0.9189,0.9318,0.9425,0.9512,0.9590,0.9656,0.9708
0.9753,0.9789,0.9820,0.9846,0.9870,0.9888,0.9905,0.9921,0.9934,0.9945
0.9956,0.9964,0.9967,0.9970,0.9971,0.9973,0.9975,0.9978,0.9979,0.9980
0.9981,0.9982,0.9983,0.9985,0.9985,0.9986,0.9986,0.9987,0.9988,0.9989
0.9990,0.9990,0.9991,0.9992,0.9992,0.9993,0.9994,0.9994,0.9995,0.9995
0.9996,0.9996,0.9997,0.9997,0.9998,0.9999,1.0000,1.0000,
hwc1x2fract=0.0002,0.0004,0.0007,0.0013,0.0022,0.0033,0.0046,0.0061
0.0075,0.0092,0.0108,0.0123,0.0139,0.0153,0.0167,0.0183,0.0196,0.0208
0.0222,0.0234,0.0245,0.0257,0.0266,0.0277,0.0290,0.0313,0.0355,0.0434
0.0548,0.0703,0.0880,0.1080,0.1295,0.1521,0.1747,0.1979,0.2213,0.2447
0.2678,0.2914,0.3135,0.3365,0.3587,0.3812,0.4029,0.4252,0.4469,0.4690
0.4911,0.5129,0.5334,0.5541,0.5757,0.5954,0.6151,0.6355,0.6555,0.6750
0.6952,0.7139,0.7333,0.7521,0.7712,0.7906,0.8093,0.8272,0.8453,0.8626
0.8799,0.8957,0.9110,0.9245,0.9364,0.9465,0.9553,0.9629,0.9688,0.9737
0.9776,0.9809,0.9839,0.9861,0.9883,0.9900,0.9914,0.9928,0.9940,0.9949
0.9959,0.9966,0.9969,0.9971,0.9973,0.9974,0.9975,0.9977,0.9978,0.9979
0.9980,0.9981,0.9982,0.9983,0.9984,0.9985,0.9986,0.9986,0.9987,0.9988
0.9988,0.9989,0.9989,0.9990,0.9990,0.9991,0.9992,0.9992,0.9993,0.9994
0.9994,0.9995,0.9996,0.9997,0.9998,0.9998,0.9999,1.0000,
hwc1v1fract=0.0003,0.0006,0.0011,0.0016,0.0023,0.0030,0.0039,0.0051
0.0064,0.0078,0.0092,0.0106,0.0120,0.0137,0.0152,0.0167,0.0184,0.0200
0.0217,0.0235,0.0251,0.0267,0.0283,0.0300,0.0318,0.0339,0.0372,0.0429
0.0513,0.0635,0.0783,0.0953,0.1138,0.1335,0.1549,0.1763,0.1985,0.2214
0.2440,0.2673,0.2907,0.3142,0.3368,0.3593,0.3818,0.4042,0.4265,0.4484
0.4701,0.4924,0.5145,0.5361,0.5580,0.5795,0.6002,0.6205,0.6414,0.6620
0.6816,0.7013,0.7202,0.7392,0.7577,0.7763,0.7945,0.8126,0.8304,0.8480
0.8656,0.8814,0.8962,0.9098,0.9221,0.9334,0.9427,0.9505,0.9573,0.9627
0.9673,0.9713,0.9744,0.9774,0.9798,0.9822,0.9842,0.9859,0.9874,0.9887
0.9901,0.9913,0.9919,0.9926,0.9932,0.9936,0.9940,0.9943,0.9946,0.9949
0.9951,0.9953,0.9956,0.9958,0.9960,0.9962,0.9963,0.9965,0.9966,0.9968
0.9970,0.9972,0.9973,0.9975,0.9976,0.9979,0.9980,0.9982,0.9984,0.9986
0.9988,0.9989,0.9990,0.9992,0.9994,0.9996,0.9998,1.0000,
hwc1v2fract=0.0003,0.0006,0.0010,0.0017,0.0024,0.0033,0.0044,0.0055
0.0067,0.0079,0.0092,0.0104,0.0117,0.0131,0.0146,0.0160,0.0174,0.0188
0.0204,0.0219,0.0236,0.0252,0.0270,0.0285,0.0305,0.0329,0.0370,0.0437
0.0542,0.0666,0.0825,0.0996,0.1194,0.1399,0.1612,0.1836,0.2064,0.2291
0.2531,0.2766,0.2995,0.3223,0.3448,0.3678,0.3903,0.4131,0.4356,0.4580
0.4808,0.5027,0.5244,0.5459,0.5680,0.5891,0.6098,0.6302,0.6511,0.6712
0.6905,0.7096,0.7287,0.7468,0.7657,0.7839,0.8012,0.8189,0.8361,0.8534
0.8699,0.8855,0.9000,0.9133,0.9256,0.9363,0.9452,0.9528,0.9591,0.9647
0.9690,0.9728,0.9759,0.9785,0.9809,0.9829,0.9846,0.9863,0.9878,0.9891
0.9903,0.9914,0.9922,0.9928,0.9931,0.9937,0.9939,0.9942,0.9945,0.9948
0.9951,0.9953,0.9955,0.9957,0.9959,0.9961,0.9963,0.9966,0.9967,0.9969
0.9971,0.9973,0.9975,0.9977,0.9979,0.9980,0.9982,0.9984,0.9986,0.9987
0.9989,0.9992,0.9993,0.9995,0.9996,0.9997,0.9999,1.0000,
hwc2u1fract=0.0001,0.0003,0.0004,0.0005,0.0006,0.0007,0.0009,0.0010
0.0011,0.0012,0.0013,0.0014,0.0015,0.0016,0.0017,0.0018,0.0020,0.0022
0.0023,0.0025,0.0027,0.0028,0.0030,0.0034,0.0043,0.0059,0.0095,0.0169
0.0286,0.0442,0.0622,0.0821,0.1029,0.1249,0.1479,0.1705,0.1939,0.2171
0.2403,0.2623,0.2852,0.3089,0.3312,0.3538,0.3761,0.3985,0.4207,0.4426
0.4652,0.4875,0.5094,0.5321,0.5536,0.5752,0.5968,0.6187,0.6395,0.6601
0.6812,0.7017,0.7218,0.7418,0.7613,0.7810,0.7997,0.8185,0.8373,0.8555
0.8733,0.8900,0.9053,0.9199,0.9328,0.9436,0.9534,0.9611,0.9675,0.9727
0.9765,0.9805,0.9832,0.9856,0.9877,0.9895,0.9911,0.9923,0.9935,0.9944
0.9954,0.9963,0.9967,0.9970,0.9973,0.9974,0.9976,0.9977,0.9978,0.9978
0.9979,0.9981,0.9981,0.9981,0.9982,0.9983,0.9984,0.9985,0.9986,0.9987
0.9987,0.9988,0.9989,0.9990,0.9990,0.9991,0.9992,0.9993,0.9993,0.9994
0.9995,0.9995,0.9996,0.9997,0.9998,0.9998,0.9999,1.0000,
hwc2u2fract=0.0001,0.0002,0.0003,0.0004,0.0005,0.0006,0.0007,0.0008
0.0010,0.0011,0.0013,0.0014,0.0015,0.0016,0.0018,0.0020,0.0021,0.0022
0.0024,0.0025,0.0027,0.0028,0.0031,0.0033,0.0040,0.0050,0.0076,0.0132
0.0224,0.0359,0.0527,0.0713,0.0913,0.1129,0.1348,0.1578,0.1814,0.2045
0.2278,0.2514,0.2739,0.2966,0.3198,0.3419,0.3634,0.3863,0.4092,0.4309
0.4534,0.4761,0.4990,0.5211,0.5431,0.5659,0.5873,0.6089,0.6302,0.6511
0.6720,0.6924,0.7133,0.7343,0.7542,0.7742,0.7939,0.8132,0.8323,0.8505
0.8686,0.8855,0.9019,0.9167,0.9297,0.9411,0.9508,0.9586,0.9652,0.9706
0.9750,0.9787,0.9819,0.9846,0.9868,0.9887,0.9904,0.9916,0.9931,0.9942
0.9952,0.9960,0.9966,0.9969,0.9972,0.9975,0.9977,0.9978,0.9980,0.9981
0.9981,0.9982,0.9983,0.9983,0.9984,0.9984,0.9985,0.9985,0.9986,0.9988
0.9988,0.9989,0.9990,0.9990,0.9991,0.9992,0.9992,0.9993,0.9994,0.9994
0.9995,0.9996,0.9997,0.9998,0.9998,0.9999,1.0000,1.0000,
hwc2x1fract=0.0000,0.0001,0.0001,0.0002,0.0002,0.0003,0.0003,0.0004
0.0005,0.0006,0.0006,0.0007,0.0007,0.0008,0.0009,0.0009,0.0010,0.0011
0.0012,0.0012,0.0013,0.0014,0.0016,0.0020,0.0027,0.0042,0.0075,0.0147
0.0264,0.0416,0.0604,0.0810,0.1021,0.1248,0.1475,0.1705,0.1934,0.2163
0.2393,0.2621,0.2845,0.3075,0.3297,0.3517,0.3741,0.3960,0.4172,0.4394
0.4612,0.4832,0.5052,0.5267,0.5486,0.5706,0.5917,0.6135,0.6344,0.6551
0.6756,0.6965,0.7168,0.7375,0.7575,0.7778,0.7978,0.8166,0.8351,0.8542
0.8717,0.8888,0.9046,0.9189,0.9316,0.9428,0.9522,0.9603,0.9672,0.9725
0.9770,0.9807,0.9837,0.9865,0.9887,0.9904,0.9921,0.9936,0.9949,0.9961
0.9971,0.9979,0.9981,0.9983,0.9985,0.9986,0.9988,0.9989,0.9990,0.9992
0.9992,0.9993,0.9993,0.9993,0.9994,0.9994,0.9994,0.9995,0.9995,0.9995
0.9995,0.9996,0.9996,0.9996,0.9996,0.9997,0.9998,0.9998,0.9998,0.9998
0.9999,0.9999,0.9999,0.9999,1.0000,1.0000,1.0000,1.0000,
hwc2x2fract=0.0001,0.0001,0.0002,0.0003,0.0003,0.0004,0.0005,0.0005
0.0005,0.0005,0.0006,0.0006,0.0007,0.0008,0.0009,0.0009,0.0010,0.0010
0.0011,0.0011,0.0012,0.0013,0.0015,0.0018,0.0026,0.0043,0.0081,0.0162
0.0295,0.0462,0.0661,0.0876,0.1112,0.1331,0.1562,0.1801,0.2032,0.2263
0.2484,0.2715,0.2943,0.3162,0.3373,0.3590,0.3808,0.4027,0.4244,0.4463
0.4684,0.4906,0.5124,0.5344,0.5560,0.5786,0.5998,0.6208,0.6415,0.6625
0.6830,0.7028,0.7235,0.7437,0.7635,0.7830,0.8025,0.8211,0.8393,0.8572
0.8751,0.8923,0.9084,0.9226,0.9358,0.9472,0.9562,0.9641,0.9700,0.9751
0.9791,0.9827,0.9856,0.9879,0.9900,0.9917,0.9932,0.9945,0.9958,0.9967
0.9978,0.9985,0.9987,0.9989,0.9990,0.9991,0.9992,0.9992,0.9992,0.9993
0.9993,0.9993,0.9993,0.9993,0.9994,0.9994,0.9994,0.9995,0.9995,0.9995
0.9995,0.9995,0.9996,0.9996,0.9996,0.9997,0.9997,0.9997,0.9998,0.9998
0.9998,0.9998,0.9999,0.9999,0.9999,1.0000,1.0000,1.0000,
hwc2v1fract=0.0001,0.0002,0.0004,0.0005,0.0006,0.0007,0.0008,0.0009
0.0011,0.0012,0.0013,0.0015,0.0016,0.0018,0.0019,0.0021,0.0022,0.0023
0.0024,0.0026,0.0028,0.0030,0.0032,0.0037,0.0046,0.0066,0.0105,0.0187
0.0309,0.0471,0.0651,0.0856,0.1067,0.1288,0.1514,0.1740,0.1961,0.2197
0.2419,0.2648,0.2879,0.3104,0.3340,0.3570,0.3793,0.4013,0.4237,0.4454
0.4672,0.4891,0.5110,0.5330,0.5546,0.5761,0.5976,0.6190,0.6396,0.6601
0.6805,0.7011,0.7209,0.7414,0.7618,0.7814,0.8002,0.8193,0.8376,0.8554
0.8718,0.8880,0.9037,0.9174,0.9304,0.9417,0.9507,0.9589,0.9649,0.9704
0.9750,0.9788,0.9819,0.9847,0.9868,0.9886,0.9902,0.9917,0.9931,0.9943
0.9952,0.9960,0.9965,0.9969,0.9971,0.9974,0.9975,0.9977,0.9978,0.9979
0.9980,0.9982,0.9982,0.9983,0.9984,0.9985,0.9985,0.9986,0.9987,0.9988
0.9988,0.9989,0.9989,0.9990,0.9991,0.9991,0.9992,0.9993,0.9994,0.9995
0.9996,0.9996,0.9996,0.9997,0.9998,0.9999,1.0000,1.0000,
hwc2v2fract=0.0001,0.0002,0.0003,0.0004,0.0006,0.0006,0.0007,0.0008
0.0010,0.0011,0.0013,0.0013,0.0014,0.0015,0.0017,0.0018,0.0018,0.0019
0.0021,0.0022,0.0023,0.0025,0.0028,0.0034,0.0043,0.0064,0.0111,0.0202
0.0343,0.0514,0.0716,0.0923,0.1143,0.1365,0.1589,0.1817,0.2044,0.2270
0.2501,0.2733,0.2959,0.3175,0.3402,0.3623,0.3840,0.4068,0.4287,0.4509
0.4732,0.4963,0.5184,0.5400,0.5614,0.5826,0.6043,0.6250,0.6453,0.6660
0.6870,0.7068,0.7272,0.7471,0.7669,0.7861,0.8051,0.8239,0.8417,0.8593
0.8760,0.8922,0.9072,0.9212,0.9334,0.9446,0.9538,0.9613,0.9675,0.9727
0.9766,0.9801,0.9829,0.9853,0.9876,0.9891,0.9905,0.9920,0.9932,0.9943
0.9953,0.9962,0.9967,0.9971,0.9973,0.9975,0.9977,0.9978,0.9980,0.9981
0.9982,0.9983,0.9984,0.9985,0.9985,0.9986,0.9987,0.9987,0.9987,0.9988
0.9989,0.9989,0.9990,0.9990,0.9991,0.9992,0.9992,0.9993,0.9994,0.9994
0.9995,0.9996,0.9997,0.9997,0.9998,0.9999,1.0000,1.0000,
