; For HKS DC test. Adapted from sdriftmap.param
; L.Yuan 06/07/2003
;
; Lookup table for Hall C drift chamber time to distance map.
;
;number of bins in Meek's time to distance lookup table
hdriftbins=126
;number of 1st bin in Meek's table in ns
hdrift1stbin=-50
;bin size in ns of Meek's table
hdriftbinsz=2
;
hwc1u1fract=0.0004,0.0007,0.0010,0.0013,0.0016,0.0019,0.0023,0.0027
0.0030,0.0032,0.0038,0.0041,0.0045,0.0049,0.0053,0.0057,0.0060,0.0064
0.0070,0.0075,0.0081,0.0087,0.0104,0.0134,0.0185,0.0253,0.0352,0.0490
0.0639,0.0807,0.0994,0.1199,0.1426,0.1654,0.1871,0.2093,0.2331,0.2561
0.2797,0.3033,0.3274,0.3503,0.3748,0.3968,0.4187,0.4415,0.4637,0.4846
0.5056,0.5261,0.5468,0.5672,0.5873,0.6073,0.6290,0.6492,0.6679,0.6868
0.7057,0.7235,0.7420,0.7596,0.7774,0.7951,0.8126,0.8289,0.8461,0.8614
0.8749,0.8876,0.8991,0.9104,0.9202,0.9283,0.9360,0.9430,0.9485,0.9524
0.9563,0.9596,0.9626,0.9656,0.9680,0.9705,0.9722,0.9739,0.9755,0.9770
0.9788,0.9801,0.9812,0.9823,0.9834,0.9843,0.9854,0.9863,0.9872,0.9881
0.9888,0.9896,0.9902,0.9907,0.9914,0.9919,0.9923,0.9927,0.9932,0.9937
0.9941,0.9945,0.9948,0.9951,0.9957,0.9960,0.9964,0.9967,0.9969,0.9974
0.9977,0.9980,0.9983,0.9986,0.9989,0.9993,0.9997,1.0000,
hwc1u2fract=0.0003,0.0004,0.0009,0.0012,0.0016,0.0019,0.0021,0.0026
0.0032,0.0035,0.0040,0.0043,0.0047,0.0050,0.0054,0.0055,0.0060,0.0063
0.0066,0.0072,0.0079,0.0089,0.0106,0.0138,0.0194,0.0277,0.0390,0.0528
0.0695,0.0883,0.1076,0.1280,0.1500,0.1723,0.1940,0.2170,0.2400,0.2629
0.2853,0.3069,0.3290,0.3509,0.3729,0.3955,0.4186,0.4418,0.4639,0.4854
0.5072,0.5287,0.5505,0.5712,0.5923,0.6135,0.6346,0.6559,0.6747,0.6931
0.7116,0.7300,0.7491,0.7679,0.7856,0.8030,0.8191,0.8352,0.8503,0.8660
0.8794,0.8921,0.9030,0.9135,0.9224,0.9301,0.9369,0.9426,0.9482,0.9533
0.9577,0.9613,0.9648,0.9673,0.9695,0.9716,0.9731,0.9748,0.9764,0.9781
0.9802,0.9816,0.9828,0.9838,0.9849,0.9859,0.9867,0.9874,0.9882,0.9887
0.9892,0.9897,0.9902,0.9905,0.9909,0.9913,0.9919,0.9924,0.9929,0.9932
0.9934,0.9940,0.9945,0.9950,0.9954,0.9960,0.9962,0.9966,0.9971,0.9975
0.9978,0.9981,0.9983,0.9987,0.9991,0.9994,0.9997,1.0000,
hwc1x1fract=0.0003,0.0007,0.0012,0.0016,0.0020,0.0023,0.0028,0.0031
0.0035,0.0038,0.0043,0.0048,0.0050,0.0053,0.0055,0.0059,0.0063,0.0069
0.0075,0.0081,0.0090,0.0099,0.0115,0.0149,0.0202,0.0271,0.0371,0.0499
0.0647,0.0806,0.0993,0.1196,0.1409,0.1618,0.1824,0.2034,0.2255,0.2497
0.2718,0.2944,0.3168,0.3389,0.3611,0.3827,0.4055,0.4280,0.4494,0.4703
0.4925,0.5148,0.5370,0.5579,0.5796,0.6006,0.6214,0.6412,0.6606,0.6809
0.7007,0.7192,0.7366,0.7546,0.7711,0.7883,0.8055,0.8215,0.8379,0.8537
0.8683,0.8822,0.8938,0.9061,0.9158,0.9246,0.9314,0.9371,0.9415,0.9461
0.9491,0.9528,0.9558,0.9587,0.9616,0.9644,0.9671,0.9695,0.9717,0.9734
0.9755,0.9771,0.9786,0.9801,0.9814,0.9824,0.9835,0.9848,0.9857,0.9864
0.9871,0.9878,0.9887,0.9894,0.9902,0.9907,0.9913,0.9918,0.9924,0.9931
0.9934,0.9937,0.9943,0.9948,0.9952,0.9955,0.9958,0.9962,0.9964,0.9969
0.9974,0.9977,0.9980,0.9983,0.9987,0.9990,0.9996,1.0000,
hwc1x2fract=0.0003,0.0007,0.0011,0.0014,0.0018,0.0022,0.0024,0.0028
0.0031,0.0034,0.0040,0.0045,0.0049,0.0052,0.0057,0.0060,0.0063,0.0069
0.0076,0.0081,0.0087,0.0098,0.0115,0.0146,0.0209,0.0304,0.0416,0.0554
0.0708,0.0879,0.1087,0.1291,0.1501,0.1735,0.1980,0.2215,0.2452,0.2687
0.2919,0.3147,0.3382,0.3629,0.3853,0.4072,0.4300,0.4528,0.4734,0.4938
0.5153,0.5357,0.5558,0.5762,0.5962,0.6165,0.6362,0.6553,0.6757,0.6954
0.7129,0.7302,0.7474,0.7661,0.7841,0.8009,0.8196,0.8360,0.8511,0.8664
0.8792,0.8913,0.9020,0.9105,0.9200,0.9278,0.9346,0.9405,0.9453,0.9494
0.9535,0.9568,0.9600,0.9627,0.9652,0.9672,0.9696,0.9716,0.9739,0.9760
0.9779,0.9796,0.9810,0.9824,0.9832,0.9844,0.9854,0.9862,0.9870,0.9878
0.9885,0.9890,0.9897,0.9904,0.9913,0.9917,0.9923,0.9929,0.9934,0.9938
0.9941,0.9946,0.9950,0.9953,0.9956,0.9959,0.9962,0.9967,0.9968,0.9971
0.9975,0.9978,0.9981,0.9985,0.9989,0.9994,0.9997,1.0000,
hwc1v1fract=0.0005,0.0009,0.0012,0.0014,0.0017,0.0021,0.0024,0.0027
0.0030,0.0034,0.0037,0.0041,0.0045,0.0049,0.0053,0.0055,0.0058,0.0062
0.0069,0.0074,0.0082,0.0088,0.0101,0.0126,0.0170,0.0240,0.0344,0.0473
0.0627,0.0803,0.0996,0.1198,0.1407,0.1620,0.1852,0.2077,0.2319,0.2551
0.2789,0.3020,0.3235,0.3451,0.3674,0.3905,0.4130,0.4342,0.4555,0.4779
0.5008,0.5221,0.5420,0.5629,0.5828,0.6028,0.6227,0.6440,0.6648,0.6846
0.7035,0.7221,0.7401,0.7586,0.7763,0.7944,0.8123,0.8290,0.8447,0.8602
0.8735,0.8858,0.8975,0.9087,0.9184,0.9271,0.9345,0.9411,0.9465,0.9513
0.9553,0.9582,0.9608,0.9632,0.9661,0.9682,0.9701,0.9719,0.9738,0.9759
0.9779,0.9796,0.9809,0.9820,0.9831,0.9844,0.9854,0.9864,0.9873,0.9881
0.9887,0.9894,0.9901,0.9908,0.9916,0.9920,0.9925,0.9930,0.9935,0.9939
0.9943,0.9947,0.9950,0.9955,0.9959,0.9963,0.9967,0.9970,0.9972,0.9976
0.9978,0.9981,0.9985,0.9987,0.9991,0.9994,0.9996,1.0000,
hwc1v2fract=0.0002,0.0006,0.0009,0.0013,0.0018,0.0023,0.0027,0.0031
0.0036,0.0038,0.0042,0.0045,0.0049,0.0053,0.0058,0.0063,0.0066,0.0070
0.0075,0.0080,0.0084,0.0091,0.0097,0.0108,0.0131,0.0172,0.0237,0.0323
0.0430,0.0562,0.0721,0.0896,0.1087,0.1289,0.1504,0.1724,0.1953,0.2190
0.2421,0.2660,0.2890,0.3108,0.3344,0.3572,0.3792,0.4025,0.4257,0.4475
0.4692,0.4902,0.5099,0.5309,0.5521,0.5724,0.5941,0.6154,0.6364,0.6556
0.6758,0.6961,0.7145,0.7328,0.7509,0.7682,0.7864,0.8030,0.8192,0.8341
0.8484,0.8627,0.8760,0.8878,0.8982,0.9079,0.9158,0.9230,0.9302,0.9359
0.9409,0.9460,0.9501,0.9541,0.9578,0.9603,0.9623,0.9651,0.9676,0.9698
0.9720,0.9741,0.9756,0.9772,0.9785,0.9799,0.9814,0.9824,0.9837,0.9849
0.9858,0.9866,0.9874,0.9883,0.9891,0.9900,0.9905,0.9912,0.9920,0.9924
0.9931,0.9936,0.9940,0.9945,0.9949,0.9954,0.9959,0.9962,0.9967,0.9972
0.9975,0.9978,0.9982,0.9988,0.9990,0.9992,0.9995,1.0000,
hwc2u1fract=0.0002,0.0003,0.0005,0.0008,0.0010,0.0011,0.0014,0.0018
0.0020,0.0022,0.0024,0.0026,0.0028,0.0030,0.0032,0.0035,0.0037,0.0040
0.0043,0.0047,0.0049,0.0053,0.0060,0.0078,0.0113,0.0169,0.0256,0.0368
0.0504,0.0670,0.0850,0.1047,0.1248,0.1468,0.1702,0.1940,0.2167,0.2401
0.2633,0.2859,0.3084,0.3305,0.3528,0.3770,0.3993,0.4225,0.4450,0.4672
0.4884,0.5106,0.5330,0.5536,0.5742,0.5954,0.6151,0.6354,0.6549,0.6741
0.6924,0.7114,0.7304,0.7494,0.7676,0.7854,0.8028,0.8205,0.8388,0.8563
0.8717,0.8849,0.8974,0.9098,0.9201,0.9293,0.9377,0.9450,0.9510,0.9562
0.9603,0.9640,0.9669,0.9700,0.9723,0.9749,0.9768,0.9783,0.9800,0.9815
0.9830,0.9846,0.9859,0.9871,0.9884,0.9892,0.9900,0.9909,0.9915,0.9922
0.9927,0.9933,0.9938,0.9941,0.9945,0.9949,0.9953,0.9956,0.9962,0.9965
0.9966,0.9969,0.9972,0.9974,0.9976,0.9978,0.9980,0.9982,0.9984,0.9985
0.9987,0.9989,0.9991,0.9993,0.9995,0.9998,0.9999,1.0000,
hwc2u2fract=0.0002,0.0006,0.0007,0.0008,0.0010,0.0012,0.0013,0.0014
0.0016,0.0017,0.0018,0.0019,0.0021,0.0022,0.0023,0.0024,0.0027,0.0029
0.0031,0.0032,0.0036,0.0042,0.0050,0.0067,0.0103,0.0164,0.0252,0.0374
0.0512,0.0678,0.0857,0.1061,0.1283,0.1513,0.1737,0.1967,0.2190,0.2414
0.2645,0.2882,0.3119,0.3354,0.3583,0.3824,0.4058,0.4264,0.4481,0.4700
0.4924,0.5137,0.5354,0.5563,0.5776,0.5986,0.6194,0.6407,0.6612,0.6814
0.7006,0.7200,0.7385,0.7576,0.7766,0.7951,0.8131,0.8315,0.8477,0.8636
0.8785,0.8927,0.9064,0.9176,0.9280,0.9365,0.9439,0.9502,0.9556,0.9603
0.9641,0.9674,0.9699,0.9724,0.9744,0.9766,0.9788,0.9803,0.9822,0.9837
0.9854,0.9865,0.9876,0.9885,0.9897,0.9903,0.9909,0.9915,0.9924,0.9929
0.9934,0.9939,0.9944,0.9949,0.9952,0.9956,0.9958,0.9962,0.9963,0.9966
0.9969,0.9970,0.9973,0.9974,0.9976,0.9978,0.9980,0.9983,0.9985,0.9988
0.9989,0.9991,0.9994,0.9996,0.9998,0.9999,1.0000,1.0000,
hwc2x1fract=0.0002,0.0003,0.0005,0.0006,0.0008,0.0009,0.0010,0.0011
0.0013,0.0015,0.0019,0.0022,0.0025,0.0027,0.0031,0.0032,0.0034,0.0037
0.0041,0.0045,0.0052,0.0059,0.0073,0.0101,0.0155,0.0239,0.0346,0.0493
0.0647,0.0830,0.1036,0.1257,0.1488,0.1724,0.1954,0.2178,0.2403,0.2631
0.2864,0.3074,0.3302,0.3524,0.3757,0.3989,0.4220,0.4450,0.4683,0.4887
0.5087,0.5304,0.5517,0.5725,0.5936,0.6143,0.6349,0.6547,0.6730,0.6931
0.7123,0.7315,0.7498,0.7675,0.7844,0.8012,0.8207,0.8371,0.8522,0.8675
0.8827,0.8950,0.9061,0.9166,0.9271,0.9356,0.9423,0.9481,0.9531,0.9569
0.9605,0.9639,0.9664,0.9694,0.9719,0.9739,0.9763,0.9785,0.9806,0.9822
0.9837,0.9850,0.9864,0.9876,0.9884,0.9894,0.9901,0.9910,0.9917,0.9923
0.9927,0.9933,0.9939,0.9945,0.9950,0.9953,0.9957,0.9962,0.9964,0.9966
0.9968,0.9971,0.9972,0.9975,0.9977,0.9979,0.9979,0.9981,0.9982,0.9984
0.9988,0.9991,0.9993,0.9994,0.9996,0.9999,1.0000,1.0000,
hwc2x2fract=0.0003,0.0004,0.0006,0.0008,0.0010,0.0011,0.0014,0.0015
0.0018,0.0020,0.0021,0.0023,0.0024,0.0027,0.0028,0.0030,0.0031,0.0033
0.0035,0.0038,0.0042,0.0051,0.0064,0.0093,0.0151,0.0238,0.0366,0.0517
0.0694,0.0873,0.1082,0.1303,0.1525,0.1752,0.1984,0.2219,0.2460,0.2712
0.2940,0.3168,0.3398,0.3609,0.3817,0.4029,0.4239,0.4449,0.4678,0.4919
0.5138,0.5335,0.5545,0.5752,0.5947,0.6138,0.6331,0.6524,0.6718,0.6917
0.7114,0.7297,0.7484,0.7682,0.7851,0.8012,0.8197,0.8356,0.8514,0.8671
0.8803,0.8932,0.9050,0.9152,0.9248,0.9330,0.9401,0.9457,0.9506,0.9546
0.9582,0.9618,0.9651,0.9680,0.9701,0.9726,0.9746,0.9771,0.9792,0.9805
0.9822,0.9837,0.9848,0.9860,0.9872,0.9884,0.9893,0.9905,0.9911,0.9916
0.9924,0.9932,0.9936,0.9940,0.9945,0.9949,0.9952,0.9957,0.9960,0.9962
0.9964,0.9966,0.9968,0.9972,0.9975,0.9978,0.9980,0.9982,0.9984,0.9986
0.9989,0.9991,0.9993,0.9994,0.9995,0.9997,0.9999,1.0000,
hwc2v1fract=0.0002,0.0004,0.0007,0.0008,0.0010,0.0012,0.0013,0.0014
0.0017,0.0019,0.0021,0.0025,0.0027,0.0030,0.0031,0.0033,0.0034,0.0037
0.0039,0.0043,0.0046,0.0052,0.0059,0.0078,0.0114,0.0180,0.0276,0.0398
0.0556,0.0736,0.0928,0.1144,0.1371,0.1598,0.1816,0.2041,0.2267,0.2503
0.2736,0.2968,0.3196,0.3424,0.3647,0.3879,0.4091,0.4310,0.4524,0.4742
0.4958,0.5178,0.5384,0.5588,0.5793,0.5992,0.6197,0.6407,0.6609,0.6808
0.7010,0.7205,0.7380,0.7562,0.7742,0.7919,0.8089,0.8266,0.8420,0.8576
0.8716,0.8860,0.8988,0.9117,0.9214,0.9305,0.9388,0.9461,0.9519,0.9568
0.9608,0.9642,0.9674,0.9705,0.9727,0.9748,0.9766,0.9783,0.9798,0.9814
0.9826,0.9839,0.9850,0.9864,0.9878,0.9888,0.9898,0.9904,0.9911,0.9919
0.9924,0.9930,0.9937,0.9943,0.9947,0.9951,0.9955,0.9961,0.9964,0.9967
0.9970,0.9973,0.9976,0.9978,0.9980,0.9981,0.9982,0.9984,0.9985,0.9986
0.9988,0.9990,0.9992,0.9994,0.9995,0.9997,0.9999,1.0000,
hwc2v2fract=0.0003,0.0004,0.0005,0.0007,0.0011,0.0012,0.0015,0.0017
0.0018,0.0019,0.0021,0.0024,0.0024,0.0025,0.0027,0.0028,0.0030,0.0032
0.0034,0.0036,0.0038,0.0043,0.0051,0.0065,0.0094,0.0153,0.0240,0.0363
0.0502,0.0673,0.0860,0.1059,0.1266,0.1480,0.1700,0.1929,0.2163,0.2382
0.2607,0.2814,0.3030,0.3261,0.3495,0.3733,0.3952,0.4166,0.4380,0.4599
0.4824,0.5047,0.5262,0.5469,0.5671,0.5869,0.6080,0.6294,0.6497,0.6688
0.6886,0.7075,0.7264,0.7454,0.7633,0.7806,0.7980,0.8151,0.8319,0.8475
0.8615,0.8760,0.8894,0.9033,0.9147,0.9242,0.9322,0.9389,0.9447,0.9503
0.9555,0.9593,0.9627,0.9659,0.9686,0.9714,0.9742,0.9762,0.9783,0.9797
0.9816,0.9830,0.9844,0.9856,0.9866,0.9875,0.9886,0.9895,0.9902,0.9910
0.9915,0.9921,0.9928,0.9933,0.9938,0.9941,0.9945,0.9948,0.9953,0.9957
0.9959,0.9962,0.9966,0.9969,0.9972,0.9975,0.9976,0.9978,0.9979,0.9984
0.9986,0.9989,0.9991,0.9992,0.9993,0.9996,0.9999,1.0000,
