; For HKS DC test. Adapted from sdriftmap.param
; L.Yuan 06/07/2003
;
; Lookup table for Hall C drift chamber time to distance map.
;
;number of bins in Meek's time to distance lookup table
hdriftbins=126
;number of 1st bin in Meek's table in ns
hdrift1stbin=-50
;bin size in ns of Meek's table
hdriftbinsz=2
;
hwc1u1fract=0.0000,0.0001,0.0001,0.0002,0.0003,0.0004,0.0006,0.0007
0.0008,0.0010,0.0012,0.0013,0.0015,0.0016,0.0018,0.0019,0.0020,0.0022
0.0024,0.0026,0.0027,0.0028,0.0030,0.0033,0.0040,0.0062,0.0119,0.0218
0.0359,0.0526,0.0719,0.0923,0.1141,0.1364,0.1601,0.1837,0.2069,0.2304
0.2545,0.2781,0.3018,0.3251,0.3478,0.3708,0.3933,0.4158,0.4385,0.4611
0.4833,0.5050,0.5270,0.5491,0.5707,0.5923,0.6129,0.6338,0.6537,0.6730
0.6926,0.7116,0.7308,0.7490,0.7676,0.7859,0.8033,0.8201,0.8368,0.8528
0.8682,0.8832,0.8972,0.9102,0.9219,0.9324,0.9419,0.9498,0.9566,0.9624
0.9675,0.9715,0.9752,0.9782,0.9807,0.9830,0.9849,0.9866,0.9882,0.9898
0.9913,0.9926,0.9939,0.9948,0.9956,0.9962,0.9969,0.9974,0.9979,0.9983
0.9986,0.9989,0.9991,0.9992,0.9993,0.9995,0.9996,0.9997,0.9998,0.9998
0.9998,0.9999,0.9999,0.9999,0.9999,0.9999,0.9999,0.9999,1.0000,1.0000
1.0000,1.0000,1.0000,1.0000,1.0000,1.0000,1.0000,1.0000,
hwc1u2fract=0.0000,0.0000,0.0001,0.0002,0.0003,0.0004,0.0005,0.0007
0.0008,0.0010,0.0012,0.0013,0.0015,0.0017,0.0018,0.0019,0.0020,0.0022
0.0023,0.0025,0.0027,0.0029,0.0031,0.0033,0.0039,0.0058,0.0109,0.0198
0.0329,0.0489,0.0670,0.0872,0.1085,0.1308,0.1538,0.1769,0.2000,0.2232
0.2468,0.2707,0.2939,0.3170,0.3398,0.3625,0.3855,0.4087,0.4314,0.4535
0.4766,0.4988,0.5206,0.5429,0.5644,0.5860,0.6069,0.6275,0.6476,0.6679
0.6876,0.7067,0.7250,0.7434,0.7617,0.7796,0.7977,0.8152,0.8315,0.8483
0.8644,0.8800,0.8947,0.9080,0.9203,0.9312,0.9405,0.9489,0.9560,0.9619
0.9667,0.9708,0.9742,0.9774,0.9800,0.9825,0.9845,0.9863,0.9880,0.9895
0.9910,0.9924,0.9935,0.9944,0.9953,0.9960,0.9967,0.9973,0.9977,0.9981
0.9985,0.9987,0.9990,0.9992,0.9993,0.9994,0.9996,0.9996,0.9997,0.9997
0.9998,0.9998,0.9999,0.9999,0.9999,0.9999,1.0000,1.0000,1.0000,1.0000
1.0000,1.0000,1.0000,1.0000,1.0000,1.0000,1.0000,1.0000,
hwc1x1fract=0.0000,0.0001,0.0001,0.0002,0.0003,0.0004,0.0006,0.0008
0.0010,0.0012,0.0014,0.0016,0.0017,0.0019,0.0021,0.0023,0.0024,0.0026
0.0027,0.0028,0.0030,0.0031,0.0033,0.0034,0.0038,0.0049,0.0084,0.0152
0.0259,0.0406,0.0585,0.0785,0.1001,0.1219,0.1448,0.1673,0.1907,0.2139
0.2376,0.2613,0.2844,0.3076,0.3309,0.3537,0.3768,0.4001,0.4225,0.4444
0.4673,0.4897,0.5113,0.5331,0.5543,0.5757,0.5967,0.6179,0.6385,0.6585
0.6788,0.6984,0.7179,0.7363,0.7553,0.7736,0.7915,0.8094,0.8264,0.8428
0.8586,0.8743,0.8893,0.9032,0.9162,0.9281,0.9381,0.9468,0.9544,0.9612
0.9667,0.9712,0.9750,0.9781,0.9811,0.9836,0.9860,0.9881,0.9899,0.9915
0.9930,0.9944,0.9954,0.9960,0.9967,0.9972,0.9976,0.9980,0.9984,0.9987
0.9989,0.9992,0.9994,0.9995,0.9996,0.9996,0.9997,0.9997,0.9998,0.9998
0.9998,0.9999,0.9999,0.9999,0.9999,0.9999,0.9999,1.0000,1.0000,1.0000
1.0000,1.0000,1.0000,1.0000,1.0000,1.0000,1.0000,1.0000,
hwc1x2fract=0.0000,0.0000,0.0001,0.0002,0.0003,0.0004,0.0006,0.0008
0.0010,0.0012,0.0014,0.0016,0.0018,0.0019,0.0021,0.0022,0.0024,0.0025
0.0026,0.0027,0.0028,0.0029,0.0030,0.0032,0.0037,0.0052,0.0094,0.0170
0.0290,0.0445,0.0631,0.0834,0.1054,0.1288,0.1518,0.1757,0.2002,0.2237
0.2473,0.2708,0.2947,0.3179,0.3407,0.3638,0.3864,0.4090,0.4317,0.4542
0.4764,0.4980,0.5195,0.5407,0.5621,0.5838,0.6047,0.6246,0.6453,0.6648
0.6844,0.7041,0.7229,0.7417,0.7597,0.7777,0.7955,0.8124,0.8288,0.8455
0.8606,0.8759,0.8899,0.9039,0.9166,0.9280,0.9382,0.9467,0.9541,0.9603
0.9655,0.9698,0.9736,0.9767,0.9794,0.9821,0.9844,0.9865,0.9885,0.9903
0.9919,0.9933,0.9943,0.9952,0.9959,0.9966,0.9972,0.9977,0.9980,0.9984
0.9986,0.9989,0.9991,0.9992,0.9994,0.9995,0.9996,0.9996,0.9997,0.9998
0.9998,0.9998,0.9999,0.9999,0.9999,0.9999,0.9999,0.9999,1.0000,1.0000
1.0000,1.0000,1.0000,1.0000,1.0000,1.0000,1.0000,1.0000,
hwc1v1fract=0.0000,0.0000,0.0001,0.0001,0.0002,0.0003,0.0004,0.0006
0.0007,0.0008,0.0010,0.0011,0.0014,0.0015,0.0017,0.0018,0.0020,0.0021
0.0023,0.0025,0.0027,0.0029,0.0030,0.0032,0.0035,0.0044,0.0074,0.0138
0.0242,0.0386,0.0558,0.0752,0.0959,0.1181,0.1410,0.1646,0.1877,0.2109
0.2340,0.2576,0.2820,0.3052,0.3281,0.3517,0.3753,0.3983,0.4208,0.4430
0.4648,0.4868,0.5090,0.5308,0.5526,0.5742,0.5950,0.6154,0.6360,0.6556
0.6747,0.6937,0.7120,0.7304,0.7487,0.7658,0.7836,0.8007,0.8173,0.8338
0.8493,0.8641,0.8788,0.8926,0.9055,0.9174,0.9281,0.9374,0.9452,0.9521
0.9583,0.9630,0.9673,0.9709,0.9740,0.9767,0.9793,0.9815,0.9834,0.9852
0.9867,0.9881,0.9895,0.9906,0.9917,0.9928,0.9937,0.9945,0.9954,0.9960
0.9966,0.9972,0.9977,0.9981,0.9984,0.9987,0.9989,0.9991,0.9993,0.9994
0.9995,0.9996,0.9997,0.9997,0.9998,0.9998,0.9999,0.9999,0.9999,0.9999
1.0000,1.0000,1.0000,1.0000,1.0000,1.0000,1.0000,1.0000,
hwc1v2fract=0.0000,0.0000,0.0001,0.0001,0.0002,0.0003,0.0004,0.0006
0.0008,0.0009,0.0011,0.0012,0.0014,0.0015,0.0017,0.0018,0.0020,0.0021
0.0023,0.0024,0.0026,0.0028,0.0030,0.0032,0.0038,0.0051,0.0086,0.0157
0.0269,0.0416,0.0590,0.0783,0.0997,0.1213,0.1437,0.1667,0.1906,0.2154
0.2394,0.2633,0.2870,0.3106,0.3335,0.3566,0.3795,0.4025,0.4253,0.4475
0.4696,0.4915,0.5136,0.5358,0.5574,0.5784,0.5991,0.6195,0.6395,0.6597
0.6788,0.6978,0.7165,0.7346,0.7528,0.7706,0.7880,0.8049,0.8210,0.8372
0.8530,0.8679,0.8824,0.8958,0.9081,0.9200,0.9303,0.9394,0.9469,0.9534
0.9587,0.9633,0.9673,0.9707,0.9737,0.9762,0.9786,0.9808,0.9827,0.9845
0.9861,0.9876,0.9890,0.9902,0.9914,0.9924,0.9933,0.9941,0.9948,0.9954
0.9961,0.9967,0.9973,0.9977,0.9981,0.9984,0.9986,0.9988,0.9990,0.9991
0.9993,0.9994,0.9995,0.9996,0.9997,0.9997,0.9998,0.9998,0.9999,0.9999
0.9999,0.9999,0.9999,0.9999,1.0000,1.0000,1.0000,1.0000,
hwc2u1fract=0.0000,0.0000,0.0000,0.0000,0.0000,0.0000,0.0000,0.0000
0.0000,0.0000,0.0000,0.0000,0.0000,0.0000,0.0000,0.0000,0.0000,0.0000
0.0000,0.0000,0.0000,0.0000,0.0001,0.0002,0.0006,0.0023,0.0076,0.0186
0.0345,0.0536,0.0748,0.0968,0.1191,0.1413,0.1640,0.1871,0.2095,0.2316
0.2537,0.2765,0.2984,0.3206,0.3433,0.3653,0.3874,0.4097,0.4317,0.4535
0.4757,0.4974,0.5193,0.5412,0.5625,0.5835,0.6043,0.6244,0.6444,0.6647
0.6849,0.7049,0.7242,0.7436,0.7623,0.7808,0.7990,0.8164,0.8338,0.8506
0.8678,0.8838,0.8992,0.9137,0.9270,0.9385,0.9483,0.9564,0.9635,0.9687
0.9732,0.9771,0.9800,0.9828,0.9850,0.9869,0.9885,0.9901,0.9916,0.9929
0.9942,0.9952,0.9960,0.9968,0.9974,0.9978,0.9983,0.9987,0.9989,0.9992
0.9993,0.9995,0.9996,0.9997,0.9997,0.9998,0.9998,0.9999,0.9999,0.9999
0.9999,0.9999,0.9999,1.0000,1.0000,1.0000,1.0000,1.0000,1.0000,1.0000
1.0000,1.0000,1.0000,1.0000,1.0000,1.0000,1.0000,1.0000,
hwc2u2fract=0.0000,0.0000,0.0000,0.0000,0.0000,0.0000,0.0000,0.0000
0.0000,0.0000,0.0000,0.0000,0.0000,0.0000,0.0000,0.0000,0.0000,0.0000
0.0000,0.0000,0.0000,0.0000,0.0001,0.0002,0.0005,0.0018,0.0060,0.0157
0.0304,0.0490,0.0697,0.0911,0.1136,0.1366,0.1594,0.1826,0.2050,0.2273
0.2498,0.2726,0.2950,0.3174,0.3395,0.3616,0.3834,0.4059,0.4277,0.4497
0.4721,0.4936,0.5151,0.5369,0.5585,0.5798,0.6005,0.6212,0.6418,0.6626
0.6820,0.7014,0.7203,0.7393,0.7575,0.7757,0.7942,0.8118,0.8294,0.8467
0.8638,0.8801,0.8954,0.9100,0.9234,0.9349,0.9449,0.9536,0.9604,0.9659
0.9708,0.9748,0.9781,0.9808,0.9834,0.9854,0.9872,0.9889,0.9904,0.9917
0.9930,0.9942,0.9951,0.9958,0.9965,0.9972,0.9978,0.9982,0.9986,0.9989
0.9991,0.9994,0.9995,0.9997,0.9997,0.9998,0.9998,0.9999,0.9999,0.9999
0.9999,0.9999,0.9999,0.9999,1.0000,1.0000,1.0000,1.0000,1.0000,1.0000
1.0000,1.0000,1.0000,1.0000,1.0000,1.0000,1.0000,1.0000,
hwc2x1fract=0.0000,0.0000,0.0000,0.0000,0.0000,0.0000,0.0000,0.0000
0.0000,0.0000,0.0000,0.0000,0.0000,0.0000,0.0000,0.0000,0.0000,0.0000
0.0000,0.0000,0.0000,0.0001,0.0001,0.0001,0.0005,0.0022,0.0074,0.0183
0.0349,0.0545,0.0762,0.0989,0.1219,0.1457,0.1686,0.1914,0.2136,0.2360
0.2588,0.2806,0.3032,0.3250,0.3469,0.3686,0.3908,0.4125,0.4342,0.4560
0.4771,0.4986,0.5200,0.5412,0.5620,0.5828,0.6034,0.6242,0.6447,0.6649
0.6849,0.7036,0.7232,0.7420,0.7610,0.7793,0.7971,0.8146,0.8314,0.8481
0.8645,0.8802,0.8953,0.9093,0.9225,0.9342,0.9442,0.9528,0.9604,0.9666
0.9712,0.9752,0.9787,0.9814,0.9839,0.9858,0.9877,0.9893,0.9910,0.9925
0.9941,0.9952,0.9961,0.9967,0.9972,0.9977,0.9981,0.9984,0.9986,0.9988
0.9990,0.9991,0.9992,0.9993,0.9994,0.9995,0.9996,0.9996,0.9997,0.9997
0.9998,0.9998,0.9999,0.9999,0.9999,0.9999,0.9999,0.9999,0.9999,0.9999
1.0000,1.0000,1.0000,1.0000,1.0000,1.0000,1.0000,1.0000,
hwc2x2fract=0.0000,0.0000,0.0000,0.0000,0.0000,0.0000,0.0000,0.0000
0.0000,0.0000,0.0000,0.0000,0.0000,0.0000,0.0000,0.0000,0.0000,0.0000
0.0000,0.0000,0.0000,0.0000,0.0000,0.0002,0.0006,0.0023,0.0077,0.0190
0.0352,0.0549,0.0764,0.0997,0.1226,0.1455,0.1689,0.1919,0.2150,0.2377
0.2601,0.2823,0.3043,0.3260,0.3479,0.3700,0.3917,0.4134,0.4356,0.4569
0.4786,0.5001,0.5217,0.5427,0.5636,0.5850,0.6056,0.6257,0.6455,0.6657
0.6850,0.7043,0.7228,0.7418,0.7597,0.7779,0.7954,0.8121,0.8288,0.8451
0.8611,0.8761,0.8907,0.9049,0.9178,0.9298,0.9403,0.9494,0.9569,0.9636
0.9687,0.9730,0.9766,0.9797,0.9824,0.9847,0.9867,0.9885,0.9901,0.9918
0.9931,0.9944,0.9952,0.9960,0.9966,0.9972,0.9977,0.9981,0.9984,0.9987
0.9989,0.9991,0.9992,0.9993,0.9995,0.9996,0.9996,0.9997,0.9997,0.9998
0.9998,0.9998,0.9999,0.9999,0.9999,0.9999,0.9999,0.9999,1.0000,1.0000
1.0000,1.0000,1.0000,1.0000,1.0000,1.0000,1.0000,1.0000,
hwc2v1fract=0.0000,0.0000,0.0000,0.0000,0.0000,0.0000,0.0000,0.0000
0.0000,0.0000,0.0000,0.0000,0.0000,0.0000,0.0000,0.0000,0.0000,0.0000
0.0001,0.0001,0.0001,0.0001,0.0001,0.0002,0.0007,0.0030,0.0092,0.0207
0.0372,0.0570,0.0781,0.1009,0.1236,0.1464,0.1689,0.1911,0.2138,0.2360
0.2585,0.2808,0.3033,0.3256,0.3478,0.3703,0.3928,0.4147,0.4365,0.4581
0.4801,0.5018,0.5231,0.5441,0.5653,0.5857,0.6058,0.6257,0.6455,0.6648
0.6835,0.7025,0.7217,0.7395,0.7582,0.7761,0.7934,0.8106,0.8272,0.8433
0.8594,0.8749,0.8896,0.9028,0.9158,0.9273,0.9378,0.9468,0.9545,0.9610
0.9664,0.9708,0.9747,0.9775,0.9801,0.9825,0.9846,0.9861,0.9878,0.9892
0.9905,0.9917,0.9927,0.9937,0.9944,0.9952,0.9959,0.9965,0.9971,0.9975
0.9980,0.9983,0.9986,0.9989,0.9991,0.9992,0.9993,0.9994,0.9995,0.9996
0.9996,0.9997,0.9997,0.9998,0.9998,0.9998,0.9999,0.9999,0.9999,0.9999
0.9999,0.9999,0.9999,1.0000,1.0000,1.0000,1.0000,1.0000,
hwc2v2fract=0.0000,0.0000,0.0000,0.0000,0.0000,0.0000,0.0000,0.0000
0.0000,0.0000,0.0000,0.0000,0.0000,0.0000,0.0000,0.0000,0.0000,0.0000
0.0000,0.0000,0.0000,0.0000,0.0001,0.0002,0.0008,0.0031,0.0098,0.0220
0.0397,0.0603,0.0824,0.1048,0.1274,0.1502,0.1742,0.1970,0.2197,0.2424
0.2651,0.2877,0.3098,0.3320,0.3541,0.3758,0.3977,0.4191,0.4407,0.4623
0.4837,0.5054,0.5263,0.5483,0.5689,0.5898,0.6102,0.6302,0.6501,0.6698
0.6891,0.7076,0.7262,0.7444,0.7625,0.7799,0.7971,0.8137,0.8300,0.8459
0.8613,0.8765,0.8908,0.9045,0.9170,0.9284,0.9390,0.9477,0.9553,0.9614
0.9666,0.9709,0.9745,0.9775,0.9802,0.9825,0.9845,0.9862,0.9878,0.9893
0.9905,0.9918,0.9928,0.9937,0.9946,0.9954,0.9961,0.9967,0.9972,0.9977
0.9980,0.9983,0.9986,0.9988,0.9989,0.9991,0.9993,0.9994,0.9995,0.9996
0.9996,0.9997,0.9997,0.9998,0.9998,0.9998,0.9998,0.9999,0.9999,0.9999
0.9999,0.9999,0.9999,0.9999,1.0000,1.0000,1.0000,1.0000,
