; HKS Drift Chamber x-t conversion table
; Toshi Gogami , July2012
; Number of bins in Meek's time to distance lookup table
hdriftbins=126
; Number of 1st bin in Meek's table in ns
hdrift1stbin=-50
; Bin size in ns of Meek's table
hdriftbinsz=2
;

hwc1u1fract=0.000000000,0.000000000,0.000000000,0.000000000,
0.000000000,0.000000000,0.000000000,0.000000000,0.000000000,
0.000000000,0.000000000,0.000000000,0.000000000,0.000000000,
0.000000000,0.000000000,0.000000000,0.000000000,0.000000000,
0.000000000,0.000000000,0.005589860,0.012513000,0.019924300,
0.027849300,0.036313400,0.045341700,0.054958600,0.065187500,
0.076050600,0.087568300,0.099758600,0.112637000,0.126216000,
0.140504000,0.155505000,0.171220000,0.187643000,0.204764000,
0.222566000,0.241026000,0.260115000,0.279797000,0.300031000,
0.320768000,0.341955000,0.363531000,0.385432000,0.407589000,
0.429931000,0.452382000,0.474867000,0.497309000,0.519632000,
0.541763000,0.563628000,0.585161000,0.606296000,0.626976000,
0.647146000,0.666759000,0.685774000,0.704156000,0.721877000,
0.738914000,0.755253000,0.770882000,0.785798000,0.800000000,
0.813494000,0.826289000,0.838397000,0.849835000,0.860621000,
0.870775000,0.880320000,0.889279000,0.897677000,0.905539000,
0.912890000,0.919756000,0.926163000,0.932134000,0.937696000,
0.942871000,0.947682000,0.952152000,0.956303000,0.960154000,
0.963725000,0.967035000,0.970102000,0.972941000,0.975569000,
0.978000000,0.980249000,0.982327000,0.984249000,0.986024000,
0.987664000,0.989178000,0.990576000,0.991867000,0.993058000,
0.994157000,0.995171000,0.996106000,0.996968000,0.997764000,
0.998497000,0.999173000,0.999797000,1.000000000,1.000000000,
1.000000000,1.000000000,1.000000000,1.000000000,1.000000000,
1.000000000,1.000000000,1.000000000,1.000000000,1.000000000,
1.000000000,1.000000000,
hwc1u2fract=0.000000000,0.000000000,0.000000000,0.000000000,
0.000000000,0.000000000,0.000000000,0.000000000,0.000000000,
0.000000000,0.000000000,0.000000000,0.000000000,0.000000000,
0.000000000,0.000000000,0.000000000,0.000000000,0.000000000,
0.000000000,0.000000000,0.000472411,0.007393420,0.014784800,
0.022670200,0.031073100,0.040016800,0.049523800,0.059616000,
0.070313800,0.081636300,0.093600500,0.106221000,0.119511000,
0.133477000,0.148127000,0.163460000,0.179474000,0.196160000,
0.213506000,0.231492000,0.250095000,0.269285000,0.289025000,
0.309275000,0.329987000,0.351110000,0.372586000,0.394355000,
0.416352000,0.438510000,0.460759000,0.483029000,0.505249000,
0.527348000,0.549259000,0.570914000,0.592251000,0.613210000,
0.633737000,0.653780000,0.673297000,0.692247000,0.710598000,
0.728321000,0.745395000,0.761804000,0.777536000,0.792586000,
0.806951000,0.820636000,0.833647000,0.845994000,0.857690000,
0.868751000,0.879195000,0.889042000,0.898313000,0.907029000,
0.915215000,0.922892000,0.930086000,0.936819000,0.943114000,
0.948996000,0.954486000,0.959607000,0.964379000,0.968824000,
0.972962000,0.976811000,0.980389000,0.983714000,0.986803000,
0.989670000,0.992331000,0.994800000,0.997089000,0.999211000,
1.000000000,1.000000000,1.000000000,1.000000000,1.000000000,
1.000000000,1.000000000,1.000000000,1.000000000,1.000000000,
1.000000000,1.000000000,1.000000000,1.000000000,1.000000000,
1.000000000,1.000000000,1.000000000,1.000000000,1.000000000,
1.000000000,1.000000000,1.000000000,1.000000000,1.000000000,
1.000000000,1.000000000,
hwc1x1fract=0.000000000,0.000000000,0.000000000,0.000000000,
0.000000000,0.000000000,0.000000000,0.000000000,0.000000000,
0.000000000,0.000000000,0.000000000,0.000000000,0.000000000,
0.000000000,0.000000000,0.000000000,0.000000000,0.000000000,
0.000000000,0.000000000,0.000000000,0.000000000,0.000000000,
0.000000000,0.002703240,0.012785900,0.023469400,0.034774100,
0.046718600,0.059319700,0.072591800,0.086546900,0.101193000,
0.116537000,0.132579000,0.149316000,0.166740000,0.184840000,
0.203598000,0.222990000,0.242988000,0.263558000,0.284659000,
0.306248000,0.328273000,0.350679000,0.373409000,0.396398000,
0.419580000,0.442889000,0.466253000,0.489603000,0.512868000,
0.535980000,0.558871000,0.581475000,0.603733000,0.625586000,
0.646982000,0.667871000,0.688212000,0.707966000,0.727102000,
0.745593000,0.763419000,0.780565000,0.797018000,0.812775000,
0.827833000,0.842196000,0.855871000,0.868868000,0.881199000,
0.892880000,0.903928000,0.914364000,0.924207000,0.933480000,
0.942205000,0.950405000,0.958104000,0.965325000,0.972092000,
0.978427000,0.984353000,0.989892000,0.995067000,0.999897000,
1.000000000,1.000000000,1.000000000,1.000000000,1.000000000,
1.000000000,1.000000000,1.000000000,1.000000000,1.000000000,
1.000000000,1.000000000,1.000000000,1.000000000,1.000000000,
1.000000000,1.000000000,1.000000000,1.000000000,1.000000000,
1.000000000,1.000000000,1.000000000,1.000000000,1.000000000,
1.000000000,1.000000000,1.000000000,1.000000000,1.000000000,
1.000000000,1.000000000,1.000000000,1.000000000,1.000000000,
1.000000000,1.000000000,
hwc1x2fract=0.000000000,0.000000000,0.000000000,0.000000000,
0.000000000,0.000000000,0.000000000,0.000000000,0.000000000,
0.000000000,0.000000000,0.000000000,0.000000000,0.000000000,
0.000000000,0.000000000,0.000000000,0.000000000,0.000000000,
0.000000000,0.000000000,0.000000000,0.000000000,0.000000000,
0.002960560,0.012253700,0.022134700,0.032626800,0.043752000,
0.055530800,0.067981900,0.081121600,0.094963500,0.109518000,
0.124792000,0.140788000,0.157503000,0.174932000,0.193062000,
0.211876000,0.231349000,0.251452000,0.272149000,0.293399000,
0.315155000,0.337362000,0.359963000,0.382895000,0.406092000,
0.429482000,0.452994000,0.476554000,0.500087000,0.523518000,
0.546775000,0.569787000,0.592486000,0.614809000,0.636695000,
0.658089000,0.678944000,0.699215000,0.718866000,0.737864000,
0.756185000,0.773809000,0.790723000,0.806919000,0.822392000,
0.837145000,0.851183000,0.864516000,0.877156000,0.889119000,
0.900423000,0.911088000,0.921135000,0.930589000,0.939471000,
0.947808000,0.955624000,0.962943000,0.969790000,0.976191000,
0.982168000,0.987746000,0.992947000,0.997793000,1.000000000,
1.000000000,1.000000000,1.000000000,1.000000000,1.000000000,
1.000000000,1.000000000,1.000000000,1.000000000,1.000000000,
1.000000000,1.000000000,1.000000000,1.000000000,1.000000000,
1.000000000,1.000000000,1.000000000,1.000000000,1.000000000,
1.000000000,1.000000000,1.000000000,1.000000000,1.000000000,
1.000000000,1.000000000,1.000000000,1.000000000,1.000000000,
1.000000000,1.000000000,1.000000000,1.000000000,1.000000000,
1.000000000,1.000000000,
hwc1v1fract=0.000000000,0.000000000,0.000000000,0.000000000,
0.000000000,0.000000000,0.000000000,0.000000000,0.000000000,
0.000000000,0.000000000,0.000000000,0.000000000,0.000000000,
0.000000000,0.000000000,0.000000000,0.000000000,0.000000000,
0.000000000,0.000000000,0.003806960,0.009847840,0.016341100,
0.023313500,0.030792100,0.038804000,0.047376600,0.056536600,
0.066309900,0.076721700,0.087795200,0.099551900,0.112011000,
0.125188000,0.139095000,0.153741000,0.169129000,0.185257000,
0.202119000,0.219699000,0.237978000,0.256930000,0.276518000,
0.296703000,0.317437000,0.338663000,0.360322000,0.382346000,
0.404664000,0.427200000,0.449874000,0.472607000,0.495316000,
0.517920000,0.540339000,0.562496000,0.584318000,0.605735000,
0.626683000,0.647106000,0.666952000,0.686177000,0.704744000,
0.722622000,0.739789000,0.756228000,0.771929000,0.786889000,
0.801107000,0.814591000,0.827352000,0.839403000,0.850762000,
0.861451000,0.871491000,0.880907000,0.889724000,0.897969000,
0.905670000,0.912853000,0.919545000,0.925774000,0.931565000,
0.936945000,0.941939000,0.946570000,0.950862000,0.954837000,
0.958515000,0.961918000,0.965064000,0.967971000,0.970656000,
0.973135000,0.975422000,0.977533000,0.979479000,0.981273000,
0.982927000,0.984450000,0.985854000,0.987147000,0.988337000,
0.989433000,0.990442000,0.991370000,0.992224000,0.993010000,
0.993733000,0.994399000,0.995010000,0.995573000,0.996090000,
0.996566000,0.997003000,0.997405000,0.997775000,0.998115000,
0.998427000,0.998714000,0.998978000,0.999221000,0.999444000,
0.999649000,0.999837000,
hwc1v2fract=0.000000000,0.000000000,0.000000000,0.000000000,
0.000000000,0.000000000,0.000000000,0.000000000,0.000000000,
0.000000000,0.000000000,0.000000000,0.000000000,0.000000000,
0.000000000,0.000000000,0.000000000,0.000000000,0.000000000,
0.000000000,0.000000000,0.003051340,0.009680790,0.016777100,
0.024365200,0.032470000,0.041116200,0.050328300,0.060129700,
0.070543100,0.081589500,0.093288200,0.105656000,0.118708000,
0.132454000,0.146903000,0.162057000,0.177915000,0.194472000,
0.211714000,0.229626000,0.248182000,0.267355000,0.287107000,
0.307397000,0.328176000,0.349392000,0.370984000,0.392891000,
0.415042000,0.437370000,0.459799000,0.482255000,0.504665000,
0.526953000,0.549048000,0.570879000,0.592379000,0.613486000,
0.634143000,0.654297000,0.673902000,0.692917000,0.711308000,
0.729047000,0.746112000,0.762487000,0.778162000,0.793132000,
0.807397000,0.820961000,0.833834000,0.846025000,0.857552000,
0.868432000,0.878683000,0.888329000,0.897391000,0.905894000,
0.913861000,0.921319000,0.928291000,0.934803000,0.940878000,
0.946542000,0.951818000,0.956728000,0.961295000,0.965539000,
0.969481000,0.973140000,0.976534000,0.979682000,0.982600000,
0.985303000,0.987806000,0.990124000,0.992268000,0.994252000,
0.996087000,0.997784000,0.999352000,1.000000000,1.000000000,
1.000000000,1.000000000,1.000000000,1.000000000,1.000000000,
1.000000000,1.000000000,1.000000000,1.000000000,1.000000000,
1.000000000,1.000000000,1.000000000,1.000000000,1.000000000,
1.000000000,1.000000000,1.000000000,1.000000000,1.000000000,
1.000000000,1.000000000,
hwc2u1fract=0.000000000,0.000000000,0.000000000,0.000000000,
0.000000000,0.000000000,0.000000000,0.000000000,0.000000000,
0.000000000,0.000000000,0.000000000,0.000000000,0.000000000,
0.000000000,0.000000000,0.000000000,0.000000000,0.000000000,
0.000000000,0.000000000,0.000000000,0.000000000,0.000000000,
0.000000000,-0.000000000,0.004961548,0.012077145,0.021308186,
0.032895570,0.046711712,0.062618044,0.080375940,0.099755733,
0.120475936,0.142250000,0.164806157,0.187910361,0.211335294,
0.234882214,0.258393904,0.281747967,0.304861910,0.327672707,
0.350172798,0.372337734,0.394201087,0.415799356,0.437175532,
0.458391534,0.479509494,0.500578947,0.521650844,0.542764271,
0.563950159,0.585213220,0.606561497,0.627965739,0.649389722,
0.670779082,0.692062566,0.713163694,0.733977273,0.754407895,
0.774349112,0.793693994,0.812337900,0.830194637,0.847144033,
0.863136646,0.878096961,0.891981383,0.904779366,0.916431718,
0.926995012,0.936493132,0.945000000,0.952450704,0.959079284,
0.964904039,0.969960898,0.974312256,0.978052030,0.981325551,
0.984190060,0.986401426,0.988355315,0.990309203,0.992263091,
0.994216979,0.996170868,0.998124756,1.000000000,1.000000000,
1.000000000,1.000000000,1.000000000,1.000000000,1.000000000,
1.000000000,1.000000000,1.000000000,1.000000000,1.000000000,
1.000000000,1.000000000,1.000000000,1.000000000,1.000000000,
1.000000000,1.000000000,1.000000000,1.000000000,1.000000000,
1.000000000,1.000000000,1.000000000,1.000000000,1.000000000,
1.000000000,1.000000000,1.000000000,1.000000000,1.000000000,
1.000000000,1.000000000,
hwc2u2fract=0.000000000,0.000000000,0.000000000,0.000000000,
0.000000000,0.000000000,0.000000000,0.000000000,0.000000000,
0.000000000,0.000000000,0.000000000,0.000000000,0.000000000,
0.000000000,0.000000000,0.000000000,0.000000000,0.000000000,
0.000000000,0.000000000,0.000000000,0.000000000,0.000000000,
0.000000000,-0.000000000,0.003903201,0.009075964,0.016206897,
0.025413534,0.036829038,0.050288675,0.065772425,0.083074141,
0.101971485,0.122246604,0.143661202,0.165971591,0.188966318,
0.212420307,0.236142857,0.259994033,0.283822830,0.307532468,
0.331052632,0.354328704,0.377325714,0.400050733,0.422505580,
0.444717920,0.466719606,0.488547334,0.510237838,0.531831897,
0.553354839,0.574828326,0.596258030,0.617644231,0.638972311,
0.660211640,0.681313025,0.702224532,0.722876923,0.743192346,
0.763087512,0.782466603,0.801246550,0.819332740,0.836630160,
0.853076923,0.868598943,0.883131597,0.896640827,0.909103802,
0.920504269,0.930838959,0.940162116,0.948439237,0.955811308,
0.962254370,0.967904775,0.972800323,0.977012312,0.980675941,
0.983700287,0.986170704,0.988223671,0.990276637,0.992329604,
0.994382570,0.996435537,0.998488503,1.000000000,1.000000000,
1.000000000,1.000000000,1.000000000,1.000000000,1.000000000,
1.000000000,1.000000000,1.000000000,1.000000000,1.000000000,
1.000000000,1.000000000,1.000000000,1.000000000,1.000000000,
1.000000000,1.000000000,1.000000000,1.000000000,1.000000000,
1.000000000,1.000000000,1.000000000,1.000000000,1.000000000,
1.000000000,1.000000000,1.000000000,1.000000000,1.000000000,
1.000000000,1.000000000,
hwc2x1fract=0.000000000,0.000000000,0.000000000,0.000000000,
0.000000000,0.000000000,0.000000000,0.000000000,0.000000000,
0.000000000,0.000000000,0.000000000,0.000000000,0.000000000,
0.000000000,0.000000000,0.000000000,0.000000000,0.000000000,
0.000000000,0.000000000,0.000000000,0.000000000,0.000000000,
0.000000000,-0.000000000,0.004708098,0.011176813,0.019549125,
0.029997241,0.042542201,0.057003094,0.073299145,0.091261770,
0.110703441,0.131435432,0.153231368,0.175894919,0.199239387,
0.223073229,0.247226942,0.271560976,0.295950061,0.320272727,
0.344445783,0.368402861,0.392094118,0.415487239,0.438550974,
0.461290868,0.483708241,0.505805921,0.527605634,0.549127409,
0.570385428,0.591398747,0.612187177,0.632758444,0.653115502,
0.673261523,0.693173267,0.712844575,0.732242541,0.751332703,
0.770064695,0.788383152,0.806237928,0.823558020,0.840277099,
0.856316406,0.871615899,0.886107617,0.899733688,0.912406955,
0.924128336,0.934838542,0.944492041,0.953073469,0.960661465,
0.967163866,0.972713477,0.977324754,0.981113254,0.984199198,
0.987285141,0.990371085,0.993457028,0.996542972,0.999628915,
1.000000000,1.000000000,1.000000000,1.000000000,1.000000000,
1.000000000,1.000000000,1.000000000,1.000000000,1.000000000,
1.000000000,1.000000000,1.000000000,1.000000000,1.000000000,
1.000000000,1.000000000,1.000000000,1.000000000,1.000000000,
1.000000000,1.000000000,1.000000000,1.000000000,1.000000000,
1.000000000,1.000000000,1.000000000,1.000000000,1.000000000,
1.000000000,1.000000000,1.000000000,1.000000000,1.000000000,
1.000000000,1.000000000,
hwc2x2fract=0.000000000,0.000000000,0.000000000,0.000000000,
0.000000000,0.000000000,0.000000000,0.000000000,0.000000000,
0.000000000,0.000000000,0.000000000,0.000000000,0.000000000,
0.000000000,0.000000000,0.000000000,0.000000000,0.000000000,
0.000000000,0.000000000,0.000000000,0.000000000,0.000000000,
0.000000000,-0.000000000,0.005278870,0.012967249,0.023057432,
0.035616631,0.050510949,0.067473166,0.086169276,0.106305931,
0.127562432,0.149631285,0.172246294,0.195161105,0.218197005,
0.241174112,0.263994318,0.286576880,0.308885809,0.330907104,
0.352659459,0.374180064,0.395510096,0.416708995,0.437845829,
0.458974630,0.480153928,0.501430096,0.522835661,0.544389189,
0.566082699,0.587910284,0.609835346,0.631807692,0.653766447,
0.675631808,0.697316810,0.718724761,0.739754953,0.760303030,
0.780254154,0.799520873,0.817992767,0.835600511,0.852247780,
0.867893939,0.882487702,0.896008349,0.908424043,0.919771476,
0.930037879,0.939246209,0.947459239,0.954812232,0.961216970,
0.966848532,0.971768937,0.976057728,0.979818541,0.982829221,
0.985552314,0.987599816,0.989647318,0.991694820,0.993742322,
0.995789824,0.997837326,0.999884828,1.000000000,1.000000000,
1.000000000,1.000000000,1.000000000,1.000000000,1.000000000,
1.000000000,1.000000000,1.000000000,1.000000000,1.000000000,
1.000000000,1.000000000,1.000000000,1.000000000,1.000000000,
1.000000000,1.000000000,1.000000000,1.000000000,1.000000000,
1.000000000,1.000000000,1.000000000,1.000000000,1.000000000,
1.000000000,1.000000000,1.000000000,1.000000000,1.000000000,
1.000000000,1.000000000,
hwc2v1fract=0.000000000,0.000000000,0.000000000,0.000000000,
0.000000000,0.000000000,0.000000000,0.000000000,0.000000000,
0.000000000,0.000000000,0.000000000,0.000000000,0.000000000,
0.000000000,0.000000000,0.000000000,0.000000000,0.000000000,
0.000000000,0.000000000,0.000000000,0.000000000,0.000000000,
0.000000000,-0.000000000,0.004884005,0.011903386,0.021127292,
0.032804097,0.046787072,0.062916311,0.080936312,0.100568066,
0.121519397,0.143480447,0.166179517,0.189375729,0.212841176,
0.236395760,0.259911972,0.283261628,0.306383467,0.329216799,
0.351758119,0.374009956,0.396000000,0.417748918,0.439317204,
0.460742521,0.482071353,0.503342189,0.524585987,0.545828905,
0.567082891,0.588336876,0.609590861,0.630810381,0.651956751,
0.672973822,0.693792746,0.714351379,0.734563691,0.754338883,
0.773597909,0.792263978,0.810249562,0.827468461,0.843872392,
0.859400152,0.873993599,0.887621711,0.900290419,0.911935484,
0.922612245,0.932321346,0.941104984,0.948983632,0.956001930,
0.962196750,0.967660834,0.972427141,0.976559726,0.980199115,
0.983053811,0.985908507,0.988763203,0.991617899,0.994472595,
0.997327291,1.000000000,1.000000000,1.000000000,1.000000000,
1.000000000,1.000000000,1.000000000,1.000000000,1.000000000,
1.000000000,1.000000000,1.000000000,1.000000000,1.000000000,
1.000000000,1.000000000,1.000000000,1.000000000,1.000000000,
1.000000000,1.000000000,1.000000000,1.000000000,1.000000000,
1.000000000,1.000000000,1.000000000,1.000000000,1.000000000,
1.000000000,1.000000000,1.000000000,1.000000000,1.000000000,
1.000000000,1.000000000,
hwc2v2fract=0.000000000,0.000000000,0.000000000,0.000000000,
0.000000000,0.000000000,0.000000000,0.000000000,0.000000000,
0.000000000,0.000000000,0.000000000,0.000000000,0.000000000,
0.000000000,0.000000000,0.000000000,0.000000000,0.000000000,
0.000000000,0.000000000,0.000000000,0.000000000,0.000000000,
0.000000000,-0.000000000,0.004737091,0.011484027,0.020341746,
0.031532007,0.044807558,0.060061526,0.077050712,0.095480307,
0.115116515,0.135704522,0.157008639,0.178818681,0.200957684,
0.223288591,0.245695067,0.268092841,0.290423163,0.312658158,
0.334784768,0.356807692,0.378740416,0.400600437,0.422412854,
0.444199346,0.465985839,0.487772331,0.509574700,0.531386463,
0.553211559,0.575016340,0.596775244,0.618443243,0.639978518,
0.661325557,0.682408377,0.703171988,0.723557013,0.743482759,
0.762872849,0.781669742,0.799812332,0.817227428,0.833885714,
0.849728050,0.864717327,0.878823934,0.892033736,0.904352130,
0.915747840,0.926236960,0.935844214,0.944584930,0.952431928,
0.959519297,0.965765537,0.971241021,0.976009625,0.980153389,
0.983452086,0.986750783,0.990049480,0.993348177,0.996646874,
0.999945571,1.000000000,1.000000000,1.000000000,1.000000000,
1.000000000,1.000000000,1.000000000,1.000000000,1.000000000,
1.000000000,1.000000000,1.000000000,1.000000000,1.000000000,
1.000000000,1.000000000,1.000000000,1.000000000,1.000000000,
1.000000000,1.000000000,1.000000000,1.000000000,1.000000000,
1.000000000,1.000000000,1.000000000,1.000000000,1.000000000,
1.000000000,1.000000000,1.000000000,1.000000000,1.000000000,
1.000000000,1.000000000,