; For HKS DC test. Adapted from sdriftmap.param
; L.Yuan 06/07/2003
;
; Lookup table for Hall C drift chamber time to distance map.
;
;number of bins in Meek's time to distance lookup table
hdriftbins=126
;number of 1st bin in Meek's table in ns
hdrift1stbin=-50
;bin size in ns of Meek's table
hdriftbinsz=2
;
hwc1u1fract=0.0005,0.0010,0.0017,0.0023,0.0031,0.0038,0.0049,0.0060
0.0072,0.0082,0.0094,0.0107,0.0119,0.0131,0.0143,0.0158,0.0170,0.0183
0.0195,0.0208,0.0220,0.0233,0.0246,0.0259,0.0278,0.0317,0.0389,0.0504
0.0654,0.0841,0.1039,0.1238,0.1449,0.1658,0.1872,0.2081,0.2297,0.2514
0.2720,0.2941,0.3158,0.3372,0.3579,0.3798,0.4015,0.4225,0.4432,0.4634
0.4844,0.5049,0.5257,0.5467,0.5675,0.5878,0.6078,0.6270,0.6462,0.6664
0.6860,0.7044,0.7218,0.7401,0.7579,0.7767,0.7954,0.8132,0.8304,0.8473
0.8640,0.8795,0.8946,0.9071,0.9185,0.9280,0.9357,0.9425,0.9479,0.9525
0.9565,0.9598,0.9630,0.9657,0.9681,0.9702,0.9721,0.9741,0.9758,0.9772
0.9788,0.9802,0.9810,0.9817,0.9824,0.9831,0.9838,0.9844,0.9851,0.9858
0.9865,0.9871,0.9878,0.9884,0.9890,0.9896,0.9903,0.9908,0.9911,0.9916
0.9922,0.9926,0.9932,0.9938,0.9942,0.9946,0.9952,0.9956,0.9962,0.9966
0.9971,0.9976,0.9980,0.9984,0.9988,0.9992,0.9996,1.0000,
hwc1u2fract=0.0004,0.0008,0.0014,0.0022,0.0032,0.0042,0.0052,0.0063
0.0072,0.0083,0.0097,0.0108,0.0120,0.0131,0.0144,0.0155,0.0169,0.0182
0.0193,0.0206,0.0219,0.0230,0.0243,0.0259,0.0276,0.0309,0.0378,0.0484
0.0632,0.0809,0.1002,0.1206,0.1416,0.1628,0.1839,0.2055,0.2275,0.2494
0.2720,0.2928,0.3147,0.3358,0.3578,0.3790,0.3998,0.4222,0.4428,0.4632
0.4844,0.5054,0.5261,0.5464,0.5671,0.5869,0.6064,0.6268,0.6466,0.6654
0.6845,0.7042,0.7243,0.7433,0.7618,0.7803,0.7986,0.8162,0.8332,0.8493
0.8655,0.8806,0.8942,0.9067,0.9183,0.9280,0.9359,0.9429,0.9486,0.9537
0.9574,0.9609,0.9639,0.9664,0.9690,0.9711,0.9730,0.9748,0.9762,0.9777
0.9791,0.9805,0.9815,0.9823,0.9832,0.9839,0.9847,0.9855,0.9861,0.9867
0.9874,0.9880,0.9886,0.9891,0.9895,0.9901,0.9906,0.9911,0.9916,0.9922
0.9927,0.9931,0.9936,0.9940,0.9945,0.9949,0.9954,0.9959,0.9964,0.9968
0.9971,0.9976,0.9982,0.9985,0.9991,0.9994,0.9997,1.0000,
hwc1x1fract=0.0003,0.0005,0.0009,0.0016,0.0024,0.0031,0.0040,0.0050
0.0062,0.0072,0.0082,0.0091,0.0102,0.0114,0.0125,0.0137,0.0149,0.0160
0.0170,0.0179,0.0189,0.0202,0.0214,0.0224,0.0240,0.0269,0.0324,0.0424
0.0566,0.0743,0.0948,0.1150,0.1360,0.1577,0.1794,0.2021,0.2242,0.2457
0.2676,0.2897,0.3114,0.3335,0.3548,0.3751,0.3951,0.4163,0.4373,0.4584
0.4788,0.5001,0.5212,0.5422,0.5622,0.5820,0.6019,0.6215,0.6411,0.6606
0.6803,0.6996,0.7190,0.7384,0.7568,0.7755,0.7931,0.8116,0.8285,0.8447
0.8610,0.8772,0.8926,0.9070,0.9184,0.9288,0.9374,0.9446,0.9509,0.9561
0.9602,0.9637,0.9666,0.9690,0.9713,0.9733,0.9753,0.9771,0.9787,0.9804
0.9818,0.9830,0.9838,0.9845,0.9851,0.9857,0.9864,0.9870,0.9875,0.9880
0.9885,0.9889,0.9894,0.9900,0.9905,0.9911,0.9915,0.9920,0.9925,0.9931
0.9934,0.9939,0.9943,0.9946,0.9951,0.9957,0.9961,0.9965,0.9968,0.9972
0.9977,0.9981,0.9983,0.9987,0.9990,0.9994,0.9997,1.0000,
hwc1x2fract=0.0003,0.0008,0.0011,0.0019,0.0027,0.0034,0.0043,0.0054
0.0063,0.0072,0.0082,0.0092,0.0103,0.0116,0.0127,0.0139,0.0149,0.0163
0.0175,0.0186,0.0197,0.0209,0.0220,0.0231,0.0248,0.0282,0.0350,0.0460
0.0613,0.0796,0.0999,0.1204,0.1424,0.1647,0.1865,0.2078,0.2297,0.2513
0.2734,0.2947,0.3164,0.3381,0.3603,0.3817,0.4027,0.4241,0.4448,0.4654
0.4871,0.5069,0.5275,0.5477,0.5673,0.5872,0.6068,0.6266,0.6464,0.6661
0.6860,0.7049,0.7240,0.7421,0.7604,0.7791,0.7970,0.8151,0.8326,0.8500
0.8664,0.8822,0.8975,0.9107,0.9217,0.9310,0.9396,0.9468,0.9521,0.9567
0.9606,0.9636,0.9663,0.9688,0.9714,0.9734,0.9752,0.9770,0.9786,0.9802
0.9821,0.9833,0.9839,0.9845,0.9850,0.9855,0.9861,0.9866,0.9871,0.9876
0.9882,0.9888,0.9894,0.9900,0.9904,0.9910,0.9915,0.9920,0.9924,0.9928
0.9931,0.9936,0.9940,0.9945,0.9949,0.9953,0.9957,0.9959,0.9963,0.9968
0.9972,0.9977,0.9982,0.9985,0.9989,0.9993,0.9996,1.0000,
hwc1v1fract=0.0003,0.0007,0.0012,0.0019,0.0027,0.0036,0.0047,0.0059
0.0070,0.0083,0.0093,0.0105,0.0116,0.0129,0.0141,0.0152,0.0164,0.0176
0.0189,0.0200,0.0212,0.0223,0.0236,0.0251,0.0266,0.0289,0.0333,0.0413
0.0533,0.0690,0.0864,0.1063,0.1273,0.1482,0.1696,0.1909,0.2120,0.2337
0.2555,0.2772,0.2986,0.3203,0.3423,0.3640,0.3844,0.4062,0.4277,0.4484
0.4694,0.4903,0.5107,0.5319,0.5529,0.5733,0.5926,0.6124,0.6321,0.6520
0.6709,0.6909,0.7098,0.7288,0.7468,0.7647,0.7833,0.8024,0.8198,0.8367
0.8530,0.8691,0.8847,0.8978,0.9094,0.9205,0.9300,0.9379,0.9446,0.9503
0.9549,0.9591,0.9627,0.9655,0.9681,0.9706,0.9727,0.9746,0.9764,0.9780
0.9794,0.9807,0.9820,0.9829,0.9837,0.9844,0.9851,0.9857,0.9863,0.9869
0.9876,0.9882,0.9888,0.9894,0.9899,0.9905,0.9910,0.9916,0.9922,0.9926
0.9931,0.9936,0.9941,0.9945,0.9947,0.9952,0.9956,0.9961,0.9965,0.9969
0.9973,0.9978,0.9981,0.9985,0.9989,0.9993,0.9997,1.0000,
hwc1v2fract=0.0004,0.0010,0.0016,0.0023,0.0031,0.0042,0.0050,0.0059
0.0069,0.0080,0.0092,0.0103,0.0114,0.0123,0.0135,0.0146,0.0159,0.0171
0.0185,0.0197,0.0207,0.0222,0.0232,0.0245,0.0262,0.0288,0.0341,0.0438
0.0578,0.0751,0.0942,0.1145,0.1353,0.1560,0.1777,0.2002,0.2224,0.2440
0.2659,0.2867,0.3081,0.3301,0.3526,0.3734,0.3948,0.4154,0.4369,0.4580
0.4788,0.4997,0.5207,0.5405,0.5611,0.5813,0.6018,0.6213,0.6412,0.6607
0.6801,0.6995,0.7186,0.7374,0.7563,0.7750,0.7931,0.8109,0.8282,0.8449
0.8613,0.8768,0.8911,0.9042,0.9158,0.9264,0.9352,0.9421,0.9482,0.9532
0.9572,0.9602,0.9638,0.9665,0.9686,0.9711,0.9733,0.9752,0.9771,0.9787
0.9801,0.9815,0.9823,0.9830,0.9838,0.9846,0.9853,0.9859,0.9865,0.9870
0.9876,0.9882,0.9888,0.9894,0.9899,0.9905,0.9910,0.9916,0.9921,0.9926
0.9931,0.9935,0.9939,0.9944,0.9947,0.9952,0.9955,0.9961,0.9966,0.9970
0.9975,0.9979,0.9983,0.9988,0.9990,0.9994,0.9997,1.0000,
hwc2u1fract=0.0001,0.0003,0.0005,0.0007,0.0010,0.0012,0.0015,0.0016
0.0018,0.0020,0.0023,0.0025,0.0026,0.0028,0.0030,0.0032,0.0035,0.0037
0.0039,0.0042,0.0044,0.0047,0.0051,0.0057,0.0067,0.0086,0.0128,0.0223
0.0368,0.0546,0.0748,0.0963,0.1170,0.1392,0.1613,0.1827,0.2049,0.2273
0.2498,0.2709,0.2925,0.3141,0.3359,0.3572,0.3786,0.4008,0.4220,0.4434
0.4648,0.4861,0.5072,0.5283,0.5494,0.5707,0.5922,0.6126,0.6329,0.6530
0.6726,0.6923,0.7121,0.7318,0.7510,0.7710,0.7898,0.8087,0.8274,0.8455
0.8626,0.8793,0.8948,0.9097,0.9226,0.9339,0.9437,0.9515,0.9582,0.9632
0.9673,0.9709,0.9739,0.9764,0.9788,0.9807,0.9824,0.9840,0.9854,0.9869
0.9880,0.9893,0.9900,0.9906,0.9910,0.9914,0.9919,0.9923,0.9928,0.9933
0.9936,0.9940,0.9944,0.9948,0.9951,0.9955,0.9959,0.9961,0.9965,0.9967
0.9970,0.9973,0.9975,0.9977,0.9980,0.9981,0.9983,0.9985,0.9986,0.9988
0.9991,0.9992,0.9993,0.9995,0.9996,0.9997,0.9999,1.0000,
hwc2u2fract=0.0001,0.0003,0.0006,0.0008,0.0010,0.0012,0.0014,0.0016
0.0018,0.0020,0.0022,0.0024,0.0026,0.0029,0.0032,0.0034,0.0037,0.0039
0.0043,0.0044,0.0046,0.0050,0.0053,0.0057,0.0064,0.0081,0.0120,0.0196
0.0321,0.0493,0.0682,0.0885,0.1094,0.1307,0.1524,0.1740,0.1963,0.2183
0.2403,0.2619,0.2833,0.3046,0.3260,0.3475,0.3695,0.3917,0.4127,0.4346
0.4559,0.4765,0.4974,0.5195,0.5408,0.5625,0.5831,0.6046,0.6250,0.6452
0.6658,0.6864,0.7062,0.7258,0.7455,0.7653,0.7846,0.8033,0.8222,0.8404
0.8577,0.8750,0.8915,0.9071,0.9213,0.9326,0.9422,0.9496,0.9559,0.9613
0.9656,0.9696,0.9728,0.9755,0.9780,0.9799,0.9816,0.9834,0.9848,0.9862
0.9877,0.9889,0.9896,0.9904,0.9909,0.9913,0.9917,0.9922,0.9927,0.9931
0.9936,0.9940,0.9944,0.9948,0.9952,0.9955,0.9959,0.9962,0.9965,0.9967
0.9970,0.9972,0.9974,0.9976,0.9977,0.9979,0.9982,0.9983,0.9985,0.9987
0.9988,0.9991,0.9993,0.9994,0.9995,0.9998,0.9999,1.0000,
hwc2x1fract=0.0001,0.0003,0.0005,0.0006,0.0008,0.0009,0.0010,0.0012
0.0014,0.0015,0.0016,0.0017,0.0019,0.0020,0.0021,0.0023,0.0025,0.0027
0.0028,0.0030,0.0032,0.0034,0.0038,0.0042,0.0051,0.0068,0.0115,0.0207
0.0345,0.0520,0.0719,0.0927,0.1143,0.1367,0.1592,0.1815,0.2044,0.2263
0.2475,0.2691,0.2915,0.3120,0.3334,0.3551,0.3758,0.3984,0.4193,0.4411
0.4629,0.4839,0.5049,0.5262,0.5461,0.5678,0.5887,0.6094,0.6305,0.6520
0.6726,0.6923,0.7130,0.7330,0.7528,0.7725,0.7911,0.8099,0.8287,0.8474
0.8648,0.8815,0.8975,0.9122,0.9243,0.9354,0.9443,0.9518,0.9582,0.9633
0.9675,0.9710,0.9741,0.9768,0.9792,0.9816,0.9834,0.9850,0.9866,0.9879
0.9893,0.9905,0.9911,0.9914,0.9920,0.9924,0.9928,0.9934,0.9940,0.9944
0.9947,0.9951,0.9954,0.9958,0.9962,0.9965,0.9968,0.9972,0.9974,0.9976
0.9979,0.9980,0.9983,0.9984,0.9985,0.9987,0.9988,0.9989,0.9990,0.9992
0.9993,0.9994,0.9995,0.9996,0.9998,0.9998,0.9999,1.0000,
hwc2x2fract=0.0001,0.0002,0.0003,0.0004,0.0005,0.0007,0.0009,0.0010
0.0012,0.0014,0.0015,0.0017,0.0019,0.0022,0.0023,0.0025,0.0027,0.0030
0.0032,0.0034,0.0036,0.0037,0.0040,0.0046,0.0055,0.0074,0.0125,0.0221
0.0366,0.0553,0.0760,0.0972,0.1199,0.1424,0.1643,0.1860,0.2089,0.2296
0.2506,0.2725,0.2934,0.3145,0.3365,0.3598,0.3819,0.4036,0.4255,0.4476
0.4685,0.4902,0.5113,0.5319,0.5526,0.5735,0.5951,0.6154,0.6360,0.6567
0.6769,0.6965,0.7173,0.7366,0.7558,0.7756,0.7949,0.8133,0.8317,0.8497
0.8671,0.8836,0.8993,0.9136,0.9263,0.9378,0.9463,0.9541,0.9604,0.9650
0.9695,0.9727,0.9758,0.9782,0.9801,0.9818,0.9837,0.9855,0.9869,0.9883
0.9898,0.9910,0.9916,0.9922,0.9927,0.9931,0.9936,0.9940,0.9943,0.9947
0.9951,0.9954,0.9957,0.9959,0.9963,0.9966,0.9970,0.9972,0.9975,0.9977
0.9980,0.9981,0.9983,0.9984,0.9985,0.9987,0.9987,0.9989,0.9990,0.9991
0.9992,0.9994,0.9995,0.9996,0.9997,0.9998,0.9999,1.0000,
hwc2v1fract=0.0002,0.0004,0.0006,0.0009,0.0010,0.0012,0.0013,0.0015
0.0017,0.0019,0.0022,0.0024,0.0026,0.0027,0.0030,0.0032,0.0035,0.0036
0.0038,0.0040,0.0042,0.0045,0.0049,0.0054,0.0063,0.0085,0.0140,0.0246
0.0401,0.0576,0.0768,0.0984,0.1209,0.1428,0.1642,0.1870,0.2087,0.2311
0.2531,0.2751,0.2967,0.3191,0.3411,0.3625,0.3841,0.4057,0.4277,0.4487
0.4692,0.4904,0.5114,0.5327,0.5533,0.5736,0.5946,0.6148,0.6352,0.6552
0.6749,0.6947,0.7147,0.7341,0.7537,0.7725,0.7923,0.8103,0.8278,0.8456
0.8628,0.8791,0.8947,0.9086,0.9216,0.9328,0.9417,0.9497,0.9563,0.9619
0.9664,0.9700,0.9729,0.9758,0.9782,0.9801,0.9819,0.9838,0.9852,0.9868
0.9882,0.9892,0.9900,0.9907,0.9910,0.9915,0.9920,0.9925,0.9929,0.9934
0.9937,0.9941,0.9945,0.9948,0.9951,0.9955,0.9958,0.9961,0.9963,0.9966
0.9968,0.9971,0.9973,0.9975,0.9978,0.9980,0.9982,0.9984,0.9986,0.9987
0.9989,0.9991,0.9993,0.9994,0.9996,0.9997,0.9999,1.0000,
hwc2v2fract=0.0002,0.0004,0.0006,0.0007,0.0010,0.0011,0.0013,0.0014
0.0017,0.0018,0.0021,0.0022,0.0025,0.0026,0.0029,0.0031,0.0033,0.0035
0.0038,0.0041,0.0043,0.0046,0.0049,0.0056,0.0069,0.0097,0.0166,0.0277
0.0437,0.0623,0.0827,0.1046,0.1269,0.1492,0.1710,0.1926,0.2150,0.2367
0.2580,0.2789,0.3005,0.3221,0.3435,0.3645,0.3861,0.4082,0.4292,0.4499
0.4712,0.4928,0.5132,0.5328,0.5541,0.5748,0.5964,0.6171,0.6383,0.6579
0.6785,0.6984,0.7180,0.7374,0.7567,0.7759,0.7946,0.8129,0.8315,0.8493
0.8665,0.8825,0.8983,0.9122,0.9246,0.9353,0.9445,0.9518,0.9581,0.9634
0.9674,0.9711,0.9742,0.9766,0.9788,0.9808,0.9826,0.9842,0.9857,0.9871
0.9882,0.9894,0.9901,0.9906,0.9911,0.9916,0.9921,0.9925,0.9929,0.9933
0.9937,0.9941,0.9945,0.9948,0.9952,0.9955,0.9959,0.9963,0.9965,0.9969
0.9970,0.9972,0.9974,0.9976,0.9979,0.9980,0.9982,0.9984,0.9987,0.9988
0.9990,0.9991,0.9993,0.9994,0.9996,0.9997,0.9999,1.0000,
