; For HKS DC test. Adapted from sdriftmap.param
; L.Yuan 06/07/2003
;
; Lookup table for Hall C drift chamber time to distance map.
;
;number of bins in Meek's time to distance lookup table
hdriftbins=126
;number of 1st bin in Meek's table in ns
hdrift1stbin=-50
;bin size in ns of Meek's table
hdriftbinsz=2
;
hwc1u1fract=0.0002,0.0005,0.0010,0.0015,0.0022,0.0031,0.0039,0.0048
0.0060,0.0073,0.0084,0.0096,0.0110,0.0120,0.0133,0.0145,0.0157,0.0170
0.0183,0.0197,0.0209,0.0222,0.0233,0.0247,0.0264,0.0295,0.0352,0.0451
0.0581,0.0741,0.0924,0.1125,0.1332,0.1546,0.1766,0.1996,0.2221,0.2456
0.2690,0.2914,0.3138,0.3367,0.3593,0.3819,0.4042,0.4259,0.4475,0.4696
0.4912,0.5124,0.5338,0.5550,0.5765,0.5969,0.6179,0.6381,0.6589,0.6790
0.6984,0.7176,0.7372,0.7562,0.7747,0.7932,0.8118,0.8302,0.8482,0.8649
0.8809,0.8962,0.9105,0.9235,0.9344,0.9439,0.9520,0.9590,0.9648,0.9695
0.9734,0.9768,0.9797,0.9821,0.9840,0.9860,0.9875,0.9888,0.9900,0.9911
0.9920,0.9930,0.9936,0.9939,0.9943,0.9946,0.9948,0.9950,0.9952,0.9954
0.9957,0.9958,0.9960,0.9962,0.9963,0.9965,0.9967,0.9968,0.9970,0.9972
0.9973,0.9974,0.9976,0.9977,0.9979,0.9980,0.9982,0.9983,0.9985,0.9987
0.9988,0.9990,0.9992,0.9994,0.9995,0.9997,0.9998,1.0000,
hwc1u2fract=0.0003,0.0006,0.0009,0.0014,0.0020,0.0027,0.0034,0.0043
0.0053,0.0064,0.0075,0.0086,0.0099,0.0111,0.0124,0.0135,0.0148,0.0160
0.0171,0.0183,0.0196,0.0207,0.0221,0.0235,0.0251,0.0276,0.0324,0.0405
0.0520,0.0668,0.0837,0.1023,0.1225,0.1442,0.1663,0.1899,0.2130,0.2355
0.2583,0.2814,0.3044,0.3269,0.3497,0.3722,0.3951,0.4181,0.4399,0.4615
0.4839,0.5055,0.5262,0.5484,0.5695,0.5910,0.6114,0.6314,0.6513,0.6716
0.6922,0.7119,0.7314,0.7513,0.7701,0.7889,0.8074,0.8258,0.8435,0.8607
0.8773,0.8929,0.9077,0.9205,0.9319,0.9422,0.9508,0.9579,0.9636,0.9684
0.9723,0.9758,0.9785,0.9809,0.9832,0.9850,0.9867,0.9881,0.9893,0.9904
0.9914,0.9924,0.9931,0.9935,0.9939,0.9942,0.9945,0.9947,0.9950,0.9952
0.9953,0.9955,0.9957,0.9959,0.9961,0.9963,0.9965,0.9966,0.9968,0.9970
0.9971,0.9973,0.9974,0.9976,0.9977,0.9979,0.9981,0.9982,0.9984,0.9986
0.9989,0.9990,0.9993,0.9994,0.9995,0.9997,0.9998,1.0000,
hwc1x1fract=0.0002,0.0004,0.0007,0.0010,0.0017,0.0027,0.0036,0.0047
0.0058,0.0071,0.0083,0.0096,0.0108,0.0121,0.0131,0.0141,0.0151,0.0162
0.0172,0.0182,0.0192,0.0201,0.0210,0.0218,0.0230,0.0249,0.0287,0.0363
0.0484,0.0636,0.0823,0.1027,0.1244,0.1454,0.1673,0.1902,0.2130,0.2367
0.2593,0.2814,0.3048,0.3270,0.3490,0.3716,0.3936,0.4157,0.4379,0.4594
0.4810,0.5019,0.5233,0.5438,0.5646,0.5848,0.6059,0.6263,0.6467,0.6673
0.6871,0.7076,0.7276,0.7476,0.7674,0.7866,0.8053,0.8239,0.8425,0.8598
0.8769,0.8931,0.9083,0.9221,0.9348,0.9456,0.9545,0.9622,0.9683,0.9731
0.9774,0.9808,0.9835,0.9859,0.9879,0.9896,0.9913,0.9927,0.9939,0.9952
0.9963,0.9970,0.9973,0.9974,0.9975,0.9976,0.9978,0.9979,0.9981,0.9981
0.9982,0.9983,0.9984,0.9985,0.9985,0.9986,0.9987,0.9987,0.9988,0.9989
0.9989,0.9990,0.9991,0.9991,0.9992,0.9992,0.9993,0.9994,0.9994,0.9995
0.9996,0.9996,0.9997,0.9997,0.9998,0.9999,0.9999,1.0000,
hwc1x2fract=0.0002,0.0003,0.0006,0.0011,0.0019,0.0027,0.0038,0.0049
0.0062,0.0074,0.0084,0.0096,0.0107,0.0118,0.0128,0.0138,0.0149,0.0158
0.0168,0.0176,0.0185,0.0194,0.0202,0.0212,0.0226,0.0249,0.0300,0.0389
0.0526,0.0694,0.0891,0.1103,0.1324,0.1550,0.1777,0.2008,0.2235,0.2464
0.2690,0.2915,0.3132,0.3352,0.3579,0.3800,0.4021,0.4245,0.4465,0.4680
0.4895,0.5109,0.5319,0.5525,0.5738,0.5948,0.6149,0.6349,0.6552,0.6751
0.6949,0.7153,0.7347,0.7541,0.7739,0.7931,0.8119,0.8304,0.8487,0.8665
0.8836,0.9000,0.9154,0.9290,0.9410,0.9509,0.9592,0.9661,0.9719,0.9765
0.9800,0.9831,0.9856,0.9877,0.9894,0.9909,0.9923,0.9935,0.9946,0.9957
0.9966,0.9973,0.9976,0.9977,0.9978,0.9979,0.9980,0.9981,0.9982,0.9982
0.9983,0.9983,0.9984,0.9985,0.9986,0.9986,0.9987,0.9987,0.9988,0.9988
0.9989,0.9990,0.9990,0.9991,0.9992,0.9993,0.9994,0.9994,0.9995,0.9995
0.9996,0.9997,0.9997,0.9998,0.9998,0.9998,0.9999,1.0000,
hwc1v1fract=0.0002,0.0004,0.0008,0.0011,0.0017,0.0025,0.0034,0.0044
0.0053,0.0065,0.0077,0.0088,0.0100,0.0112,0.0124,0.0136,0.0149,0.0163
0.0175,0.0187,0.0199,0.0212,0.0224,0.0236,0.0249,0.0267,0.0301,0.0362
0.0463,0.0598,0.0764,0.0950,0.1149,0.1364,0.1584,0.1810,0.2037,0.2261
0.2488,0.2719,0.2943,0.3170,0.3391,0.3609,0.3827,0.4044,0.4267,0.4488
0.4712,0.4936,0.5153,0.5368,0.5581,0.5791,0.6001,0.6208,0.6411,0.6616
0.6818,0.7016,0.7211,0.7405,0.7596,0.7783,0.7972,0.8155,0.8337,0.8515
0.8685,0.8848,0.9000,0.9140,0.9267,0.9378,0.9469,0.9551,0.9615,0.9667
0.9712,0.9747,0.9780,0.9808,0.9832,0.9853,0.9870,0.9887,0.9901,0.9913
0.9924,0.9933,0.9939,0.9943,0.9948,0.9950,0.9953,0.9955,0.9957,0.9960
0.9961,0.9963,0.9964,0.9966,0.9967,0.9969,0.9970,0.9972,0.9973,0.9975
0.9976,0.9978,0.9979,0.9981,0.9982,0.9984,0.9984,0.9985,0.9987,0.9988
0.9990,0.9991,0.9992,0.9994,0.9995,0.9997,0.9999,1.0000,
hwc1v2fract=0.0002,0.0005,0.0009,0.0013,0.0019,0.0027,0.0036,0.0046
0.0056,0.0067,0.0076,0.0088,0.0098,0.0111,0.0123,0.0135,0.0147,0.0159
0.0170,0.0184,0.0196,0.0209,0.0221,0.0233,0.0249,0.0271,0.0313,0.0391
0.0509,0.0658,0.0832,0.1019,0.1218,0.1433,0.1657,0.1881,0.2111,0.2337
0.2563,0.2792,0.3021,0.3247,0.3475,0.3701,0.3925,0.4144,0.4370,0.4590
0.4812,0.5031,0.5249,0.5465,0.5682,0.5888,0.6101,0.6305,0.6512,0.6706
0.6904,0.7104,0.7294,0.7483,0.7676,0.7861,0.8049,0.8231,0.8413,0.8587
0.8761,0.8916,0.9065,0.9199,0.9317,0.9415,0.9502,0.9576,0.9637,0.9686
0.9730,0.9765,0.9795,0.9819,0.9840,0.9858,0.9874,0.9889,0.9901,0.9913
0.9923,0.9931,0.9937,0.9941,0.9945,0.9949,0.9952,0.9955,0.9957,0.9959
0.9961,0.9963,0.9964,0.9966,0.9968,0.9969,0.9970,0.9972,0.9973,0.9974
0.9976,0.9978,0.9979,0.9980,0.9982,0.9983,0.9985,0.9986,0.9988,0.9989
0.9991,0.9992,0.9993,0.9995,0.9996,0.9997,0.9999,1.0000,
hwc2u1fract=0.0001,0.0002,0.0002,0.0003,0.0004,0.0005,0.0006,0.0007
0.0008,0.0009,0.0010,0.0011,0.0012,0.0013,0.0014,0.0015,0.0016,0.0017
0.0018,0.0019,0.0020,0.0022,0.0024,0.0028,0.0036,0.0053,0.0094,0.0179
0.0307,0.0472,0.0665,0.0868,0.1081,0.1304,0.1529,0.1761,0.1984,0.2215
0.2441,0.2664,0.2881,0.3103,0.3326,0.3549,0.3767,0.3988,0.4206,0.4428
0.4650,0.4866,0.5084,0.5304,0.5526,0.5741,0.5960,0.6173,0.6380,0.6586
0.6797,0.6999,0.7199,0.7401,0.7603,0.7806,0.8000,0.8198,0.8382,0.8569
0.8743,0.8918,0.9079,0.9224,0.9351,0.9461,0.9555,0.9634,0.9699,0.9747
0.9788,0.9821,0.9849,0.9871,0.9890,0.9905,0.9920,0.9933,0.9945,0.9954
0.9963,0.9971,0.9975,0.9977,0.9980,0.9981,0.9982,0.9983,0.9984,0.9985
0.9986,0.9986,0.9987,0.9988,0.9988,0.9988,0.9989,0.9989,0.9990,0.9990
0.9991,0.9991,0.9992,0.9992,0.9993,0.9993,0.9994,0.9995,0.9995,0.9996
0.9996,0.9997,0.9997,0.9998,0.9998,0.9999,1.0000,1.0000,
hwc2u2fract=0.0001,0.0002,0.0003,0.0004,0.0005,0.0006,0.0007,0.0008
0.0009,0.0010,0.0011,0.0012,0.0013,0.0014,0.0015,0.0016,0.0017,0.0018
0.0019,0.0020,0.0021,0.0023,0.0025,0.0027,0.0033,0.0046,0.0076,0.0137
0.0245,0.0388,0.0558,0.0755,0.0958,0.1181,0.1403,0.1634,0.1857,0.2088
0.2321,0.2557,0.2784,0.3013,0.3236,0.3457,0.3681,0.3904,0.4125,0.4349
0.4574,0.4795,0.5012,0.5234,0.5456,0.5668,0.5881,0.6097,0.6308,0.6516
0.6726,0.6929,0.7138,0.7340,0.7545,0.7741,0.7941,0.8136,0.8329,0.8513
0.8696,0.8867,0.9026,0.9174,0.9308,0.9418,0.9518,0.9600,0.9668,0.9722
0.9764,0.9799,0.9829,0.9853,0.9875,0.9895,0.9911,0.9925,0.9938,0.9950
0.9960,0.9968,0.9972,0.9975,0.9977,0.9979,0.9980,0.9981,0.9982,0.9983
0.9984,0.9985,0.9986,0.9986,0.9987,0.9987,0.9987,0.9988,0.9988,0.9989
0.9990,0.9990,0.9991,0.9991,0.9992,0.9992,0.9993,0.9993,0.9994,0.9994
0.9996,0.9996,0.9997,0.9998,0.9999,0.9999,1.0000,1.0000,
hwc2x1fract=0.0001,0.0001,0.0001,0.0002,0.0002,0.0002,0.0002,0.0002
0.0003,0.0003,0.0003,0.0004,0.0004,0.0005,0.0005,0.0006,0.0006,0.0007
0.0007,0.0008,0.0008,0.0009,0.0011,0.0014,0.0021,0.0037,0.0074,0.0152
0.0279,0.0438,0.0625,0.0840,0.1060,0.1291,0.1518,0.1747,0.1976,0.2198
0.2426,0.2648,0.2875,0.3098,0.3318,0.3542,0.3761,0.3978,0.4197,0.4425
0.4645,0.4868,0.5084,0.5302,0.5521,0.5731,0.5947,0.6158,0.6369,0.6581
0.6789,0.6996,0.7207,0.7411,0.7612,0.7809,0.8002,0.8197,0.8385,0.8573
0.8753,0.8926,0.9082,0.9228,0.9358,0.9469,0.9562,0.9640,0.9705,0.9756
0.9795,0.9827,0.9855,0.9877,0.9897,0.9913,0.9929,0.9942,0.9954,0.9966
0.9976,0.9983,0.9986,0.9987,0.9989,0.9990,0.9991,0.9991,0.9992,0.9993
0.9993,0.9994,0.9994,0.9994,0.9995,0.9995,0.9995,0.9995,0.9996,0.9996
0.9996,0.9996,0.9996,0.9997,0.9997,0.9997,0.9997,0.9997,0.9998,0.9998
0.9998,0.9998,0.9999,0.9999,0.9999,0.9999,1.0000,1.0000,
hwc2x2fract=0.0000,0.0001,0.0001,0.0001,0.0002,0.0002,0.0003,0.0003
0.0004,0.0004,0.0004,0.0005,0.0005,0.0005,0.0006,0.0006,0.0007,0.0007
0.0007,0.0008,0.0008,0.0010,0.0012,0.0016,0.0023,0.0040,0.0086,0.0177
0.0320,0.0501,0.0707,0.0921,0.1146,0.1381,0.1613,0.1840,0.2069,0.2293
0.2515,0.2730,0.2948,0.3167,0.3388,0.3603,0.3822,0.4040,0.4262,0.4482
0.4701,0.4918,0.5137,0.5359,0.5571,0.5785,0.6003,0.6216,0.6426,0.6636
0.6844,0.7050,0.7251,0.7457,0.7658,0.7859,0.8058,0.8250,0.8437,0.8619
0.8801,0.8966,0.9125,0.9271,0.9398,0.9506,0.9598,0.9671,0.9731,0.9778
0.9813,0.9843,0.9871,0.9892,0.9909,0.9923,0.9939,0.9952,0.9963,0.9972
0.9982,0.9989,0.9991,0.9992,0.9993,0.9993,0.9994,0.9994,0.9994,0.9995
0.9995,0.9995,0.9995,0.9996,0.9996,0.9996,0.9996,0.9996,0.9996,0.9997
0.9997,0.9997,0.9997,0.9997,0.9997,0.9997,0.9998,0.9998,0.9998,0.9998
0.9999,0.9999,0.9999,0.9999,0.9999,1.0000,1.0000,1.0000,
hwc2v1fract=0.0001,0.0002,0.0003,0.0004,0.0004,0.0005,0.0006,0.0007
0.0008,0.0008,0.0009,0.0010,0.0012,0.0013,0.0014,0.0015,0.0016,0.0017
0.0018,0.0019,0.0020,0.0021,0.0024,0.0029,0.0037,0.0055,0.0102,0.0194
0.0332,0.0504,0.0698,0.0906,0.1120,0.1346,0.1573,0.1799,0.2025,0.2247
0.2472,0.2697,0.2919,0.3140,0.3364,0.3587,0.3813,0.4031,0.4246,0.4469
0.4692,0.4912,0.5132,0.5349,0.5563,0.5778,0.5992,0.6208,0.6423,0.6629
0.6836,0.7042,0.7248,0.7445,0.7646,0.7846,0.8040,0.8229,0.8417,0.8600
0.8771,0.8939,0.9090,0.9228,0.9353,0.9460,0.9555,0.9631,0.9697,0.9748
0.9790,0.9821,0.9846,0.9868,0.9888,0.9906,0.9921,0.9934,0.9945,0.9955
0.9964,0.9971,0.9975,0.9977,0.9979,0.9981,0.9982,0.9984,0.9985,0.9985
0.9986,0.9987,0.9987,0.9988,0.9989,0.9989,0.9989,0.9990,0.9990,0.9991
0.9991,0.9992,0.9992,0.9993,0.9993,0.9994,0.9994,0.9995,0.9995,0.9996
0.9996,0.9997,0.9997,0.9998,0.9998,0.9999,1.0000,1.0000,
hwc2v2fract=0.0001,0.0002,0.0003,0.0004,0.0004,0.0006,0.0007,0.0008
0.0009,0.0011,0.0012,0.0012,0.0013,0.0015,0.0016,0.0016,0.0017,0.0018
0.0019,0.0020,0.0021,0.0023,0.0026,0.0032,0.0042,0.0063,0.0120,0.0224
0.0381,0.0566,0.0771,0.0981,0.1204,0.1428,0.1651,0.1876,0.2101,0.2327
0.2552,0.2774,0.3002,0.3220,0.3444,0.3663,0.3881,0.4102,0.4328,0.4547
0.4767,0.4989,0.5215,0.5428,0.5643,0.5856,0.6063,0.6276,0.6486,0.6695
0.6901,0.7107,0.7311,0.7509,0.7707,0.7898,0.8089,0.8273,0.8461,0.8639
0.8815,0.8975,0.9125,0.9264,0.9387,0.9491,0.9583,0.9653,0.9712,0.9760
0.9800,0.9831,0.9855,0.9877,0.9894,0.9912,0.9926,0.9937,0.9948,0.9958
0.9966,0.9974,0.9977,0.9979,0.9981,0.9983,0.9984,0.9984,0.9985,0.9985
0.9986,0.9986,0.9987,0.9987,0.9988,0.9988,0.9988,0.9989,0.9990,0.9990
0.9991,0.9991,0.9992,0.9992,0.9992,0.9993,0.9994,0.9994,0.9995,0.9996
0.9996,0.9997,0.9997,0.9998,0.9998,0.9999,1.0000,1.0000,
