; HKS Drift Chamber x-t conversion table
; Toshi Gogami , June2013
; Number of bins in Meek's time to distance lookup table
hdriftbins=126
; Number of 1st bin in Meek's table in ns
hdrift1stbin=-50
; Bin size in ns of Meek's table
hdriftbinsz=2
;

hwc1u1fract=0.000000000,0.000000000,0.000000000,0.000000000,
0.000000000,0.000000000,0.000000000,0.000000000,0.000000000,
0.000000000,0.000000000,0.000000000,0.000000000,0.000000000,
0.000000000,0.000000000,0.000000000,0.000000000,0.000000000,
0.000000000,0.000000000,0.000000000,0.000000000,0.000000000,
0.004652790,0.017873500,0.031721300,0.046204900,0.061330100,
0.077100400,0.093515800,0.110573000,0.128266000,0.146583000,
0.165510000,0.185028000,0.205115000,0.225742000,0.246880000,
0.268491000,0.290536000,0.312972000,0.335752000,0.358825000,
0.382138000,0.405636000,0.429262000,0.452957000,0.476663000,
0.500319000,0.523867000,0.547250000,0.570411000,0.593296000,
0.615855000,0.638038000,0.659802000,0.681105000,0.701910000,
0.722185000,0.741899000,0.761030000,0.779557000,0.797464000,
0.814739000,0.831373000,0.847364000,0.862709000,0.877410000,
0.891474000,0.904907000,0.917720000,0.929925000,0.941536000,
0.952568000,0.963037000,0.972963000,0.982362000,0.991254000,
0.999658000,1.000000000,1.000000000,1.000000000,1.000000000,
1.000000000,1.000000000,1.000000000,1.000000000,1.000000000,
1.000000000,1.000000000,1.000000000,1.000000000,1.000000000,
1.000000000,1.000000000,1.000000000,1.000000000,1.000000000,
1.000000000,1.000000000,1.000000000,1.000000000,1.000000000,
1.000000000,1.000000000,1.000000000,1.000000000,1.000000000,
1.000000000,1.000000000,1.000000000,1.000000000,1.000000000,
1.000000000,1.000000000,1.000000000,1.000000000,1.000000000,
1.000000000,1.000000000,1.000000000,1.000000000,1.000000000,
1.000000000,1.000000000,
hwc1u2fract=0.000000000,0.000000000,0.000000000,0.000000000,
0.000000000,0.000000000,0.000000000,0.000000000,0.000000000,
0.000000000,0.000000000,0.000000000,0.000000000,0.000000000,
0.000000000,0.000000000,0.000000000,0.000000000,0.000000000,
0.000000000,0.000000000,0.000000000,0.000000000,0.000000000,
0.004933830,0.017684800,0.031061500,0.045074400,0.059731700,
0.075038800,0.090998000,0.107609000,0.124866000,0.142763000,
0.161286000,0.180419000,0.200143000,0.220431000,0.241254000,
0.262579000,0.284368000,0.306578000,0.329163000,0.352074000,
0.375258000,0.398659000,0.422222000,0.445885000,0.469590000,
0.493275000,0.516881000,0.540347000,0.563616000,0.586632000,
0.609340000,0.631690000,0.653636000,0.675132000,0.696140000,
0.716625000,0.736555000,0.755903000,0.774649000,0.792772000,
0.810261000,0.827105000,0.843299000,0.858841000,0.873732000,
0.887976000,0.901581000,0.914556000,0.926913000,0.938666000,
0.949830000,0.960422000,0.970459000,0.979962000,0.988948000,
0.997437000,1.000000000,1.000000000,1.000000000,1.000000000,
1.000000000,1.000000000,1.000000000,1.000000000,1.000000000,
1.000000000,1.000000000,1.000000000,1.000000000,1.000000000,
1.000000000,1.000000000,1.000000000,1.000000000,1.000000000,
1.000000000,1.000000000,1.000000000,1.000000000,1.000000000,
1.000000000,1.000000000,1.000000000,1.000000000,1.000000000,
1.000000000,1.000000000,1.000000000,1.000000000,1.000000000,
1.000000000,1.000000000,1.000000000,1.000000000,1.000000000,
1.000000000,1.000000000,1.000000000,1.000000000,1.000000000,
1.000000000,1.000000000,
hwc1x1fract=0.000000000,0.000000000,0.000000000,0.000000000,
0.000000000,0.000000000,0.000000000,0.000000000,0.000000000,
0.000000000,0.000000000,0.000000000,0.000000000,0.000000000,
0.000000000,0.000000000,0.000000000,0.000000000,0.000000000,
0.000000000,0.000000000,0.000000000,0.000000000,0.000000000,
0.000000000,0.000000000,0.014198800,0.029497300,0.045405600,
0.061923200,0.079046600,0.096769500,0.115082000,0.133971000,
0.153421000,0.173410000,0.193915000,0.214910000,0.236362000,
0.258238000,0.280500000,0.303107000,0.326015000,0.349179000,
0.372550000,0.396078000,0.419712000,0.443399000,0.467086000,
0.490720000,0.514249000,0.537621000,0.560787000,0.583698000,
0.606307000,0.628571000,0.650450000,0.671905000,0.692903000,
0.713412000,0.733405000,0.752858000,0.771751000,0.790068000,
0.807795000,0.824923000,0.841445000,0.857357000,0.872660000,
0.887355000,0.901447000,0.914943000,0.927851000,0.940182000,
0.951948000,0.963163000,0.973840000,0.983996000,0.993647000,
1.000000000,1.000000000,1.000000000,1.000000000,1.000000000,
1.000000000,1.000000000,1.000000000,1.000000000,1.000000000,
1.000000000,1.000000000,1.000000000,1.000000000,1.000000000,
1.000000000,1.000000000,1.000000000,1.000000000,1.000000000,
1.000000000,1.000000000,1.000000000,1.000000000,1.000000000,
1.000000000,1.000000000,1.000000000,1.000000000,1.000000000,
1.000000000,1.000000000,1.000000000,1.000000000,1.000000000,
1.000000000,1.000000000,1.000000000,1.000000000,1.000000000,
1.000000000,1.000000000,1.000000000,1.000000000,1.000000000,
1.000000000,1.000000000,
hwc1x2fract=0.000000000,0.000000000,0.000000000,0.000000000,
0.000000000,0.000000000,0.000000000,0.000000000,0.000000000,
0.000000000,0.000000000,0.000000000,0.000000000,0.000000000,
0.000000000,0.000000000,0.000000000,0.000000000,0.000000000,
0.000000000,0.000000000,0.000000000,0.000000000,0.000000000,
0.000000000,0.005737390,0.020297500,0.035489100,0.051315800,
0.067778200,0.084873800,0.102597000,0.120938000,0.139884000,
0.159419000,0.179522000,0.200167000,0.221327000,0.242967000,
0.265053000,0.287543000,0.310394000,0.333560000,0.356989000,
0.380631000,0.404432000,0.428335000,0.452285000,0.476224000,
0.500097000,0.523845000,0.547416000,0.570754000,0.593810000,
0.616533000,0.638880000,0.660807000,0.682275000,0.703249000,
0.723698000,0.743595000,0.762916000,0.781642000,0.799757000,
0.817251000,0.834115000,0.850344000,0.865937000,0.880896000,
0.895226000,0.908933000,0.922026000,0.934518000,0.946420000,
0.957747000,0.968515000,0.978740000,0.988440000,0.997634000,
1.000000000,1.000000000,1.000000000,1.000000000,1.000000000,
1.000000000,1.000000000,1.000000000,1.000000000,1.000000000,
1.000000000,1.000000000,1.000000000,1.000000000,1.000000000,
1.000000000,1.000000000,1.000000000,1.000000000,1.000000000,
1.000000000,1.000000000,1.000000000,1.000000000,1.000000000,
1.000000000,1.000000000,1.000000000,1.000000000,1.000000000,
1.000000000,1.000000000,1.000000000,1.000000000,1.000000000,
1.000000000,1.000000000,1.000000000,1.000000000,1.000000000,
1.000000000,1.000000000,1.000000000,1.000000000,1.000000000,
1.000000000,1.000000000,
hwc1v1fract=0.000000000,0.000000000,0.000000000,0.000000000,
0.000000000,0.000000000,0.000000000,0.000000000,0.000000000,
0.000000000,0.000000000,0.000000000,0.000000000,0.000000000,
0.000000000,0.000000000,0.000000000,0.000000000,0.000000000,
0.000000000,0.000000000,0.000000000,0.000000000,0.000000000,
0.000871443,0.013214700,0.026165900,0.039736300,0.053935100,
0.068768900,0.084241900,0.100355000,0.117106000,0.134490000,
0.152496000,0.171113000,0.190321000,0.210101000,0.230426000,
0.251267000,0.272588000,0.294353000,0.316519000,0.339040000,
0.361868000,0.384950000,0.408233000,0.431661000,0.455175000,
0.478718000,0.502231000,0.525655000,0.548932000,0.572008000,
0.594826000,0.617337000,0.639490000,0.661241000,0.682548000,
0.703372000,0.723680000,0.743441000,0.762631000,0.781228000,
0.799215000,0.816578000,0.833309000,0.849401000,0.864853000,
0.879666000,0.893845000,0.907395000,0.920326000,0.932650000,
0.944380000,0.955530000,0.966116000,0.976156000,0.985668000,
0.994671000,1.000000000,1.000000000,1.000000000,1.000000000,
1.000000000,1.000000000,1.000000000,1.000000000,1.000000000,
1.000000000,1.000000000,1.000000000,1.000000000,1.000000000,
1.000000000,1.000000000,1.000000000,1.000000000,1.000000000,
1.000000000,1.000000000,1.000000000,1.000000000,1.000000000,
1.000000000,1.000000000,1.000000000,1.000000000,1.000000000,
1.000000000,1.000000000,1.000000000,1.000000000,1.000000000,
1.000000000,1.000000000,1.000000000,1.000000000,1.000000000,
1.000000000,1.000000000,1.000000000,1.000000000,1.000000000,
1.000000000,1.000000000,
hwc1v2fract=0.000000000,0.000000000,0.000000000,0.000000000,
0.000000000,0.000000000,0.000000000,0.000000000,0.000000000,
0.000000000,0.000000000,0.000000000,0.000000000,0.000000000,
0.000000000,0.000000000,0.000000000,0.000000000,0.000000000,
0.000000000,0.000000000,0.000000000,0.000000000,0.000000000,
0.000426872,0.013294000,0.026782400,0.040901800,0.055659500,
0.071060000,0.087104900,0.103793000,0.121118000,0.139072000,
0.157642000,0.176812000,0.196559000,0.216859000,0.237682000,
0.258994000,0.280757000,0.302928000,0.325463000,0.348312000,
0.371424000,0.394743000,0.418213000,0.441776000,0.465372000,
0.488944000,0.512430000,0.535774000,0.558918000,0.581808000,
0.604391000,0.626617000,0.648440000,0.669818000,0.690713000,
0.711089000,0.730916000,0.750169000,0.768825000,0.786868000,
0.804283000,0.821062000,0.837198000,0.852690000,0.867539000,
0.881748000,0.895326000,0.908280000,0.920623000,0.932369000,
0.943531000,0.954126000,0.964173000,0.973688000,0.982691000,
0.991201000,0.999238000,1.000000000,1.000000000,1.000000000,
1.000000000,1.000000000,1.000000000,1.000000000,1.000000000,
1.000000000,1.000000000,1.000000000,1.000000000,1.000000000,
1.000000000,1.000000000,1.000000000,1.000000000,1.000000000,
1.000000000,1.000000000,1.000000000,1.000000000,1.000000000,
1.000000000,1.000000000,1.000000000,1.000000000,1.000000000,
1.000000000,1.000000000,1.000000000,1.000000000,1.000000000,
1.000000000,1.000000000,1.000000000,1.000000000,1.000000000,
1.000000000,1.000000000,1.000000000,1.000000000,1.000000000,
1.000000000,1.000000000,
hwc2u1fract=0.000000000,0.000000000,0.000000000,0.000000000,
0.000000000,0.000000000,0.000000000,0.000000000,0.000000000,
0.000000000,0.000000000,0.000000000,0.000000000,0.000000000,
0.000000000,0.000000000,0.000000000,0.000000000,0.000000000,
0.000000000,0.000000000,0.000000000,0.000000000,0.000000000,
0.000000000,0.009511590,0.023311300,0.037717900,0.052736700,
0.068370800,0.084620400,0.101483000,0.118953000,0.137020000,
0.155674000,0.174896000,0.194668000,0.214966000,0.235762000,
0.257025000,0.278721000,0.300811000,0.323254000,0.346006000,
0.369018000,0.392243000,0.415628000,0.439121000,0.462668000,
0.486215000,0.509707000,0.533092000,0.556315000,0.579327000,
0.602076000,0.624517000,0.646605000,0.668299000,0.689560000,
0.710353000,0.730648000,0.750417000,0.769636000,0.788286000,
0.806351000,0.823817000,0.840676000,0.856922000,0.872553000,
0.887568000,0.901971000,0.915767000,0.928965000,0.941573000,
0.953603000,0.965068000,0.975982000,0.986361000,0.996221000,
1.000000000,1.000000000,1.000000000,1.000000000,1.000000000,
1.000000000,1.000000000,1.000000000,1.000000000,1.000000000,
1.000000000,1.000000000,1.000000000,1.000000000,1.000000000,
1.000000000,1.000000000,1.000000000,1.000000000,1.000000000,
1.000000000,1.000000000,1.000000000,1.000000000,1.000000000,
1.000000000,1.000000000,1.000000000,1.000000000,1.000000000,
1.000000000,1.000000000,1.000000000,1.000000000,1.000000000,
1.000000000,1.000000000,1.000000000,1.000000000,1.000000000,
1.000000000,1.000000000,1.000000000,1.000000000,1.000000000,
1.000000000,1.000000000,
hwc2u2fract=0.000000000,0.000000000,0.000000000,0.000000000,
0.000000000,0.000000000,0.000000000,0.000000000,0.000000000,
0.000000000,0.000000000,0.000000000,0.000000000,0.000000000,
0.000000000,0.000000000,0.000000000,0.000000000,0.000000000,
0.000000000,0.000000000,0.000000000,0.000000000,0.000000000,
0.000000000,0.011156300,0.024037400,0.037548600,0.051699900,
0.066498700,0.081950000,0.098055300,0.114813000,0.132218000,
0.150260000,0.168927000,0.188201000,0.208060000,0.228478000,
0.249424000,0.270863000,0.292754000,0.315055000,0.337719000,
0.360694000,0.383927000,0.407361000,0.430938000,0.454598000,
0.478281000,0.501925000,0.525470000,0.548857000,0.572027000,
0.594924000,0.617497000,0.639694000,0.661470000,0.682782000,
0.703592000,0.723865000,0.743571000,0.762687000,0.781190000,
0.799065000,0.816300000,0.832885000,0.848817000,0.864096000,
0.878723000,0.892704000,0.906047000,0.918764000,0.930866000,
0.942368000,0.953287000,0.963639000,0.973443000,0.982718000,
0.991484000,0.999760000,1.000000000,1.000000000,1.000000000,
1.000000000,1.000000000,1.000000000,1.000000000,1.000000000,
1.000000000,1.000000000,1.000000000,1.000000000,1.000000000,
1.000000000,1.000000000,1.000000000,1.000000000,1.000000000,
1.000000000,1.000000000,1.000000000,1.000000000,1.000000000,
1.000000000,1.000000000,1.000000000,1.000000000,1.000000000,
1.000000000,1.000000000,1.000000000,1.000000000,1.000000000,
1.000000000,1.000000000,1.000000000,1.000000000,1.000000000,
1.000000000,1.000000000,1.000000000,1.000000000,1.000000000,
1.000000000,1.000000000,
hwc2x1fract=0.000000000,0.000000000,0.000000000,0.000000000,
0.000000000,0.000000000,0.000000000,0.000000000,0.000000000,
0.000000000,0.000000000,0.000000000,0.000000000,0.000000000,
0.000000000,0.000000000,0.000000000,0.000000000,0.000000000,
0.000000000,0.000000000,0.000000000,0.000000000,0.000000000,
0.000000000,0.000000000,0.009826360,0.025599800,0.041950600,
0.058875600,0.076368800,0.094421300,0.113021000,0.132154000,
0.151802000,0.171943000,0.192554000,0.213606000,0.235071000,
0.256913000,0.279098000,0.301586000,0.324337000,0.347307000,
0.370451000,0.393724000,0.417077000,0.440464000,0.463835000,
0.487143000,0.510340000,0.533379000,0.556215000,0.578805000,
0.601106000,0.623078000,0.644686000,0.665893000,0.686670000,
0.706986000,0.726818000,0.746142000,0.764940000,0.783195000,
0.800895000,0.818029000,0.834591000,0.850577000,0.865985000,
0.880815000,0.895070000,0.908756000,0.921880000,0.934449000,
0.946475000,0.957967000,0.968940000,0.979406000,0.989379000,
0.998874000,1.000000000,1.000000000,1.000000000,1.000000000,
1.000000000,1.000000000,1.000000000,1.000000000,1.000000000,
1.000000000,1.000000000,1.000000000,1.000000000,1.000000000,
1.000000000,1.000000000,1.000000000,1.000000000,1.000000000,
1.000000000,1.000000000,1.000000000,1.000000000,1.000000000,
1.000000000,1.000000000,1.000000000,1.000000000,1.000000000,
1.000000000,1.000000000,1.000000000,1.000000000,1.000000000,
1.000000000,1.000000000,1.000000000,1.000000000,1.000000000,
1.000000000,1.000000000,1.000000000,1.000000000,1.000000000,
1.000000000,1.000000000,
hwc2x2fract=0.000000000,0.000000000,0.000000000,0.000000000,
0.000000000,0.000000000,0.000000000,0.000000000,0.000000000,
0.000000000,0.000000000,0.000000000,0.000000000,0.000000000,
0.000000000,0.000000000,0.000000000,0.000000000,0.000000000,
0.000000000,0.000000000,0.000000000,0.000000000,0.000000000,
0.000000000,0.007100600,0.021021500,0.035585800,0.050799900,
0.066667500,0.083189200,0.100362000,0.118181000,0.136634000,
0.155707000,0.175383000,0.195638000,0.216446000,0.237774000,
0.259588000,0.281847000,0.304508000,0.327523000,0.350842000,
0.374410000,0.398173000,0.422073000,0.446049000,0.470042000,
0.493992000,0.517839000,0.541525000,0.564992000,0.588185000,
0.611052000,0.633543000,0.655614000,0.677221000,0.698327000,
0.718898000,0.738904000,0.758321000,0.777126000,0.795305000,
0.812843000,0.829734000,0.845971000,0.861554000,0.876485000,
0.890768000,0.904412000,0.917426000,0.929823000,0.941616000,
0.952822000,0.963456000,0.973537000,0.983084000,0.992115000,
1.000000000,1.000000000,1.000000000,1.000000000,1.000000000,
1.000000000,1.000000000,1.000000000,1.000000000,1.000000000,
1.000000000,1.000000000,1.000000000,1.000000000,1.000000000,
1.000000000,1.000000000,1.000000000,1.000000000,1.000000000,
1.000000000,1.000000000,1.000000000,1.000000000,1.000000000,
1.000000000,1.000000000,1.000000000,1.000000000,1.000000000,
1.000000000,1.000000000,1.000000000,1.000000000,1.000000000,
1.000000000,1.000000000,1.000000000,1.000000000,1.000000000,
1.000000000,1.000000000,1.000000000,1.000000000,1.000000000,
1.000000000,1.000000000,
hwc2v1fract=0.000000000,0.000000000,0.000000000,0.000000000,
0.000000000,0.000000000,0.000000000,0.000000000,0.000000000,
0.000000000,0.000000000,0.000000000,0.000000000,0.000000000,
0.000000000,0.000000000,0.000000000,0.000000000,0.000000000,
0.000000000,0.000000000,0.000000000,0.000000000,0.000000000,
0.004263690,0.017227200,0.030798900,0.044987500,0.059799300,
0.075238400,0.091305600,0.107999000,0.125313000,0.143240000,
0.161766000,0.180875000,0.200547000,0.220758000,0.241478000,
0.262677000,0.284318000,0.306361000,0.328763000,0.351476000,
0.374453000,0.397641000,0.420986000,0.444434000,0.467928000,
0.491411000,0.514827000,0.538120000,0.561235000,0.584119000,
0.606722000,0.628995000,0.650892000,0.672373000,0.693397000,
0.713931000,0.733943000,0.753408000,0.772301000,0.790605000,
0.808304000,0.825387000,0.841847000,0.857680000,0.872884000,
0.887463000,0.901420000,0.914763000,0.927502000,0.939649000,
0.951215000,0.962216000,0.972668000,0.982587000,0.991992000,
1.000000000,1.000000000,1.000000000,1.000000000,1.000000000,
1.000000000,1.000000000,1.000000000,1.000000000,1.000000000,
1.000000000,1.000000000,1.000000000,1.000000000,1.000000000,
1.000000000,1.000000000,1.000000000,1.000000000,1.000000000,
1.000000000,1.000000000,1.000000000,1.000000000,1.000000000,
1.000000000,1.000000000,1.000000000,1.000000000,1.000000000,
1.000000000,1.000000000,1.000000000,1.000000000,1.000000000,
1.000000000,1.000000000,1.000000000,1.000000000,1.000000000,
1.000000000,1.000000000,1.000000000,1.000000000,1.000000000,
1.000000000,1.000000000,
hwc2v2fract=0.000000000,0.000000000,0.000000000,0.000000000,
0.000000000,0.000000000,0.000000000,0.000000000,0.000000000,
0.000000000,0.000000000,0.000000000,0.000000000,0.000000000,
0.000000000,0.000000000,0.000000000,0.000000000,0.000000000,
0.000000000,0.000000000,0.000000000,0.000000000,0.000000000,
0.000000000,0.013564900,0.027776900,0.042592300,0.058014300,
0.074043400,0.090677300,0.107911000,0.125735000,0.144138000,
0.163105000,0.182616000,0.202649000,0.223177000,0.244170000,
0.265595000,0.287413000,0.309586000,0.332070000,0.354819000,
0.377785000,0.400918000,0.424165000,0.447475000,0.470794000,
0.494069000,0.517248000,0.540277000,0.563106000,0.585687000,
0.607972000,0.629918000,0.651483000,0.672629000,0.693322000,
0.713529000,0.733223000,0.752380000,0.770980000,0.789006000,
0.806445000,0.823287000,0.839525000,0.855157000,0.870182000,
0.884602000,0.898422000,0.911649000,0.924292000,0.936362000,
0.947871000,0.958833000,0.969262000,0.979175000,0.988587000,
0.997517000,1.000000000,1.000000000,1.000000000,1.000000000,
1.000000000,1.000000000,1.000000000,1.000000000,1.000000000,
1.000000000,1.000000000,1.000000000,1.000000000,1.000000000,
1.000000000,1.000000000,1.000000000,1.000000000,1.000000000,
1.000000000,1.000000000,1.000000000,1.000000000,1.000000000,
1.000000000,1.000000000,1.000000000,1.000000000,1.000000000,
1.000000000,1.000000000,1.000000000,1.000000000,1.000000000,
1.000000000,1.000000000,1.000000000,1.000000000,1.000000000,
1.000000000,1.000000000,1.000000000,1.000000000,1.000000000,
1.000000000,1.000000000,