; For HKS DC test. Adapted from sdriftmap.param
; L.Yuan 06/07/2003
;
; Lookup table for Hall C drift chamber time to distance map.
;
;number of bins in Meek's time to distance lookup table
hdriftbins=126
;number of 1st bin in Meek's table in ns
hdrift1stbin=-50
;bin size in ns of Meek's table
hdriftbinsz=2
;
hwc1u1fract=0.0001,0.0003,0.0005,0.0008,0.0011,0.0014,0.0018,0.0022
0.0027,0.0032,0.0037,0.0042,0.0047,0.0052,0.0057,0.0062,0.0067,0.0072
0.0076,0.0081,0.0086,0.0091,0.0095,0.0101,0.0115,0.0152,0.0232,0.0365
0.0537,0.0734,0.0941,0.1163,0.1386,0.1601,0.1827,0.2052,0.2278,0.2503
0.2726,0.2950,0.3170,0.3393,0.3610,0.3831,0.4054,0.4273,0.4491,0.4710
0.4932,0.5148,0.5364,0.5578,0.5795,0.6009,0.6219,0.6429,0.6635,0.6836
0.7038,0.7238,0.7437,0.7631,0.7827,0.8018,0.8208,0.8394,0.8574,0.8750
0.8916,0.9073,0.9213,0.9340,0.9448,0.9542,0.9618,0.9681,0.9731,0.9773
0.9807,0.9836,0.9858,0.9876,0.9894,0.9909,0.9922,0.9933,0.9945,0.9954
0.9962,0.9970,0.9973,0.9976,0.9977,0.9978,0.9979,0.9981,0.9981,0.9982
0.9983,0.9984,0.9984,0.9985,0.9985,0.9986,0.9987,0.9987,0.9988,0.9988
0.9989,0.9990,0.9990,0.9991,0.9992,0.9993,0.9993,0.9994,0.9994,0.9995
0.9995,0.9996,0.9997,0.9997,0.9998,0.9999,0.9999,1.0000,
hwc1u2fract=0.0001,0.0003,0.0004,0.0007,0.0011,0.0015,0.0018,0.0023
0.0027,0.0032,0.0037,0.0042,0.0047,0.0052,0.0056,0.0061,0.0067,0.0072
0.0078,0.0082,0.0087,0.0092,0.0097,0.0102,0.0112,0.0140,0.0207,0.0324
0.0475,0.0653,0.0853,0.1063,0.1286,0.1508,0.1732,0.1956,0.2186,0.2411
0.2639,0.2866,0.3091,0.3314,0.3531,0.3753,0.3973,0.4196,0.4415,0.4632
0.4851,0.5068,0.5288,0.5504,0.5716,0.5931,0.6142,0.6352,0.6559,0.6761
0.6966,0.7168,0.7366,0.7565,0.7758,0.7955,0.8142,0.8329,0.8511,0.8684
0.8859,0.9021,0.9171,0.9305,0.9422,0.9522,0.9603,0.9671,0.9725,0.9767
0.9803,0.9831,0.9857,0.9877,0.9893,0.9909,0.9922,0.9934,0.9944,0.9954
0.9963,0.9970,0.9974,0.9976,0.9978,0.9979,0.9981,0.9981,0.9982,0.9983
0.9984,0.9985,0.9985,0.9986,0.9987,0.9987,0.9988,0.9988,0.9989,0.9989
0.9990,0.9991,0.9992,0.9992,0.9993,0.9993,0.9993,0.9994,0.9995,0.9995
0.9996,0.9996,0.9997,0.9997,0.9998,0.9999,1.0000,1.0000,
hwc1x1fract=0.0001,0.0001,0.0003,0.0005,0.0008,0.0013,0.0017,0.0022
0.0027,0.0032,0.0037,0.0042,0.0046,0.0051,0.0055,0.0058,0.0062,0.0066
0.0070,0.0074,0.0077,0.0080,0.0084,0.0088,0.0095,0.0115,0.0169,0.0272
0.0418,0.0606,0.0813,0.1029,0.1249,0.1475,0.1701,0.1929,0.2152,0.2371
0.2594,0.2820,0.3041,0.3269,0.3491,0.3713,0.3934,0.4154,0.4368,0.4585
0.4804,0.5023,0.5239,0.5448,0.5663,0.5878,0.6088,0.6304,0.6509,0.6717
0.6924,0.7126,0.7332,0.7536,0.7734,0.7925,0.8115,0.8305,0.8487,0.8664
0.8835,0.9001,0.9160,0.9303,0.9424,0.9529,0.9614,0.9684,0.9739,0.9782
0.9818,0.9847,0.9870,0.9891,0.9909,0.9925,0.9938,0.9949,0.9961,0.9972
0.9982,0.9988,0.9989,0.9990,0.9991,0.9992,0.9992,0.9992,0.9993,0.9993
0.9993,0.9993,0.9994,0.9994,0.9994,0.9994,0.9995,0.9995,0.9995,0.9995
0.9995,0.9996,0.9996,0.9996,0.9996,0.9997,0.9997,0.9997,0.9998,0.9998
0.9998,0.9998,0.9999,0.9999,0.9999,0.9999,1.0000,1.0000,
hwc1x2fract=0.0000,0.0002,0.0003,0.0006,0.0010,0.0015,0.0019,0.0023
0.0029,0.0034,0.0040,0.0045,0.0049,0.0053,0.0057,0.0061,0.0065,0.0069
0.0073,0.0077,0.0081,0.0084,0.0087,0.0091,0.0100,0.0125,0.0190,0.0303
0.0469,0.0664,0.0882,0.1102,0.1331,0.1558,0.1782,0.2005,0.2226,0.2450
0.2673,0.2901,0.3117,0.3342,0.3555,0.3775,0.3993,0.4210,0.4433,0.4649
0.4867,0.5090,0.5305,0.5521,0.5736,0.5949,0.6161,0.6370,0.6576,0.6785
0.6987,0.7192,0.7390,0.7582,0.7783,0.7978,0.8164,0.8350,0.8536,0.8712
0.8886,0.9047,0.9200,0.9333,0.9451,0.9551,0.9632,0.9698,0.9751,0.9793
0.9827,0.9854,0.9878,0.9896,0.9912,0.9927,0.9940,0.9951,0.9963,0.9973
0.9982,0.9988,0.9989,0.9990,0.9991,0.9991,0.9992,0.9992,0.9992,0.9992
0.9993,0.9993,0.9993,0.9993,0.9994,0.9994,0.9994,0.9994,0.9995,0.9995
0.9995,0.9995,0.9996,0.9996,0.9997,0.9997,0.9997,0.9997,0.9997,0.9998
0.9998,0.9998,0.9999,0.9999,0.9999,0.9999,1.0000,1.0000,
hwc1v1fract=0.0001,0.0002,0.0004,0.0006,0.0009,0.0012,0.0016,0.0020
0.0025,0.0028,0.0033,0.0038,0.0043,0.0047,0.0052,0.0057,0.0062,0.0067
0.0072,0.0076,0.0082,0.0087,0.0092,0.0097,0.0105,0.0121,0.0162,0.0251
0.0387,0.0558,0.0753,0.0961,0.1178,0.1397,0.1622,0.1849,0.2078,0.2302
0.2527,0.2748,0.2965,0.3185,0.3407,0.3629,0.3847,0.4064,0.4286,0.4506
0.4728,0.4943,0.5158,0.5374,0.5590,0.5808,0.6021,0.6232,0.6442,0.6646
0.6847,0.7053,0.7253,0.7455,0.7648,0.7843,0.8033,0.8221,0.8399,0.8576
0.8752,0.8922,0.9077,0.9218,0.9344,0.9453,0.9543,0.9622,0.9684,0.9735
0.9776,0.9811,0.9838,0.9861,0.9882,0.9900,0.9915,0.9928,0.9939,0.9949
0.9958,0.9967,0.9971,0.9975,0.9977,0.9979,0.9980,0.9981,0.9982,0.9983
0.9984,0.9984,0.9985,0.9985,0.9986,0.9986,0.9987,0.9988,0.9988,0.9989
0.9990,0.9990,0.9991,0.9992,0.9992,0.9993,0.9993,0.9994,0.9994,0.9995
0.9996,0.9996,0.9997,0.9997,0.9998,0.9998,0.9999,1.0000,
hwc1v2fract=0.0001,0.0002,0.0004,0.0006,0.0009,0.0012,0.0016,0.0021
0.0025,0.0029,0.0033,0.0037,0.0042,0.0048,0.0051,0.0056,0.0061,0.0066
0.0071,0.0075,0.0080,0.0086,0.0090,0.0097,0.0106,0.0129,0.0186,0.0289
0.0439,0.0617,0.0820,0.1029,0.1247,0.1469,0.1687,0.1910,0.2132,0.2358
0.2581,0.2803,0.3030,0.3255,0.3480,0.3704,0.3923,0.4144,0.4369,0.4589
0.4807,0.5026,0.5240,0.5456,0.5667,0.5882,0.6095,0.6301,0.6514,0.6719
0.6923,0.7119,0.7316,0.7511,0.7706,0.7895,0.8087,0.8272,0.8460,0.8634
0.8809,0.8975,0.9123,0.9260,0.9380,0.9486,0.9574,0.9649,0.9705,0.9752
0.9792,0.9823,0.9849,0.9871,0.9889,0.9905,0.9919,0.9931,0.9943,0.9952
0.9960,0.9968,0.9972,0.9974,0.9976,0.9977,0.9979,0.9980,0.9981,0.9981
0.9982,0.9983,0.9984,0.9984,0.9985,0.9986,0.9986,0.9987,0.9988,0.9988
0.9989,0.9990,0.9990,0.9991,0.9992,0.9992,0.9993,0.9994,0.9994,0.9995
0.9995,0.9996,0.9996,0.9997,0.9998,0.9998,0.9999,1.0000,
hwc2u1fract=0.0000,0.0001,0.0001,0.0002,0.0002,0.0002,0.0003,0.0003
0.0004,0.0004,0.0004,0.0005,0.0005,0.0005,0.0006,0.0006,0.0007,0.0007
0.0008,0.0008,0.0008,0.0009,0.0010,0.0011,0.0017,0.0032,0.0072,0.0161
0.0295,0.0468,0.0661,0.0877,0.1094,0.1320,0.1544,0.1771,0.2004,0.2231
0.2458,0.2683,0.2907,0.3126,0.3352,0.3576,0.3794,0.4015,0.4236,0.4450
0.4671,0.4887,0.5103,0.5321,0.5544,0.5757,0.5971,0.6182,0.6395,0.6605
0.6814,0.7021,0.7230,0.7430,0.7630,0.7826,0.8018,0.8215,0.8402,0.8585
0.8767,0.8939,0.9099,0.9242,0.9373,0.9486,0.9580,0.9656,0.9718,0.9768
0.9806,0.9839,0.9865,0.9887,0.9905,0.9921,0.9936,0.9946,0.9957,0.9966
0.9975,0.9983,0.9986,0.9988,0.9989,0.9990,0.9991,0.9992,0.9992,0.9993
0.9993,0.9993,0.9994,0.9994,0.9994,0.9994,0.9995,0.9995,0.9995,0.9995
0.9996,0.9996,0.9996,0.9996,0.9997,0.9997,0.9997,0.9998,0.9998,0.9998
0.9998,0.9998,0.9999,0.9999,0.9999,0.9999,1.0000,1.0000,
hwc2u2fract=0.0000,0.0001,0.0001,0.0001,0.0002,0.0002,0.0002,0.0003
0.0003,0.0003,0.0004,0.0004,0.0004,0.0005,0.0005,0.0005,0.0006,0.0007
0.0007,0.0007,0.0008,0.0008,0.0009,0.0010,0.0014,0.0023,0.0050,0.0114
0.0224,0.0372,0.0551,0.0747,0.0953,0.1174,0.1401,0.1630,0.1865,0.2098
0.2329,0.2557,0.2785,0.3014,0.3239,0.3461,0.3689,0.3914,0.4140,0.4362
0.4584,0.4804,0.5022,0.5238,0.5459,0.5671,0.5891,0.6108,0.6318,0.6529
0.6734,0.6940,0.7147,0.7353,0.7555,0.7758,0.7955,0.8152,0.8344,0.8527
0.8708,0.8885,0.9044,0.9190,0.9325,0.9440,0.9538,0.9619,0.9684,0.9737
0.9780,0.9815,0.9844,0.9870,0.9892,0.9909,0.9924,0.9937,0.9949,0.9960
0.9971,0.9980,0.9984,0.9987,0.9989,0.9990,0.9991,0.9992,0.9993,0.9993
0.9994,0.9994,0.9994,0.9995,0.9995,0.9995,0.9996,0.9996,0.9996,0.9996
0.9996,0.9997,0.9997,0.9997,0.9997,0.9997,0.9997,0.9998,0.9998,0.9998
0.9998,0.9999,0.9999,0.9999,0.9999,0.9999,1.0000,1.0000,
hwc2x1fract=0.0000,0.0000,0.0001,0.0001,0.0001,0.0001,0.0001,0.0001
0.0002,0.0002,0.0002,0.0002,0.0002,0.0002,0.0002,0.0003,0.0003,0.0003
0.0003,0.0003,0.0003,0.0003,0.0004,0.0005,0.0008,0.0020,0.0054,0.0130
0.0253,0.0416,0.0603,0.0813,0.1034,0.1257,0.1487,0.1714,0.1945,0.2173
0.2403,0.2628,0.2851,0.3076,0.3295,0.3515,0.3742,0.3970,0.4195,0.4414
0.4628,0.4852,0.5063,0.5282,0.5497,0.5712,0.5927,0.6141,0.6349,0.6562
0.6772,0.6984,0.7187,0.7390,0.7592,0.7795,0.7990,0.8186,0.8380,0.8566
0.8750,0.8919,0.9073,0.9220,0.9346,0.9460,0.9557,0.9634,0.9697,0.9748
0.9791,0.9823,0.9850,0.9874,0.9893,0.9912,0.9928,0.9941,0.9954,0.9966
0.9977,0.9984,0.9987,0.9989,0.9991,0.9991,0.9992,0.9993,0.9994,0.9994
0.9995,0.9995,0.9996,0.9996,0.9996,0.9997,0.9997,0.9997,0.9998,0.9998
0.9998,0.9998,0.9998,0.9998,0.9999,0.9999,0.9999,0.9999,0.9999,0.9999
0.9999,0.9999,1.0000,1.0000,1.0000,1.0000,1.0000,1.0000,
hwc2x2fract=0.0000,0.0000,0.0000,0.0000,0.0001,0.0001,0.0001,0.0001
0.0001,0.0002,0.0002,0.0002,0.0002,0.0002,0.0002,0.0003,0.0003,0.0003
0.0003,0.0003,0.0003,0.0004,0.0005,0.0006,0.0012,0.0028,0.0080,0.0184
0.0341,0.0535,0.0749,0.0969,0.1202,0.1430,0.1656,0.1883,0.2109,0.2333
0.2557,0.2778,0.2998,0.3221,0.3441,0.3661,0.3877,0.4097,0.4314,0.4528
0.4746,0.4960,0.5181,0.5394,0.5606,0.5815,0.6028,0.6240,0.6455,0.6663
0.6873,0.7080,0.7284,0.7482,0.7684,0.7876,0.8076,0.8270,0.8452,0.8637
0.8811,0.8977,0.9137,0.9283,0.9411,0.9517,0.9605,0.9681,0.9738,0.9786
0.9823,0.9852,0.9876,0.9897,0.9914,0.9930,0.9944,0.9956,0.9967,0.9978
0.9987,0.9993,0.9994,0.9995,0.9996,0.9996,0.9996,0.9996,0.9997,0.9997
0.9997,0.9997,0.9997,0.9997,0.9998,0.9998,0.9998,0.9998,0.9998,0.9998
0.9998,0.9998,0.9998,0.9998,0.9999,0.9999,0.9999,0.9999,0.9999,0.9999
0.9999,0.9999,0.9999,1.0000,1.0000,1.0000,1.0000,1.0000,
hwc2v1fract=0.0000,0.0001,0.0001,0.0001,0.0002,0.0002,0.0003,0.0003
0.0003,0.0004,0.0004,0.0004,0.0005,0.0005,0.0005,0.0006,0.0006,0.0006
0.0007,0.0007,0.0007,0.0008,0.0009,0.0011,0.0017,0.0036,0.0092,0.0200
0.0358,0.0542,0.0752,0.0965,0.1186,0.1408,0.1635,0.1856,0.2082,0.2309
0.2534,0.2755,0.2978,0.3197,0.3417,0.3639,0.3860,0.4081,0.4299,0.4516
0.4733,0.4952,0.5171,0.5389,0.5602,0.5815,0.6030,0.6243,0.6451,0.6653
0.6857,0.7064,0.7265,0.7462,0.7662,0.7863,0.8050,0.8241,0.8425,0.8606
0.8782,0.8952,0.9112,0.9253,0.9378,0.9490,0.9582,0.9658,0.9721,0.9768
0.9807,0.9839,0.9866,0.9888,0.9907,0.9922,0.9936,0.9949,0.9959,0.9967
0.9976,0.9984,0.9988,0.9990,0.9991,0.9992,0.9993,0.9993,0.9993,0.9993
0.9994,0.9994,0.9994,0.9995,0.9995,0.9995,0.9995,0.9995,0.9995,0.9995
0.9996,0.9996,0.9996,0.9996,0.9997,0.9997,0.9997,0.9997,0.9998,0.9998
0.9998,0.9999,0.9999,0.9999,0.9999,1.0000,1.0000,1.0000,
hwc2v2fract=0.0000,0.0001,0.0001,0.0001,0.0002,0.0002,0.0003,0.0003
0.0003,0.0004,0.0004,0.0004,0.0005,0.0005,0.0006,0.0006,0.0007,0.0007
0.0008,0.0008,0.0008,0.0009,0.0010,0.0012,0.0019,0.0043,0.0106,0.0227
0.0400,0.0596,0.0814,0.1034,0.1264,0.1493,0.1715,0.1939,0.2159,0.2381
0.2601,0.2825,0.3045,0.3265,0.3481,0.3694,0.3913,0.4133,0.4353,0.4571
0.4790,0.5009,0.5225,0.5436,0.5652,0.5862,0.6074,0.6286,0.6499,0.6708
0.6918,0.7118,0.7322,0.7520,0.7716,0.7909,0.8100,0.8287,0.8469,0.8649
0.8819,0.8983,0.9135,0.9278,0.9399,0.9505,0.9596,0.9670,0.9727,0.9777
0.9814,0.9845,0.9870,0.9891,0.9909,0.9924,0.9938,0.9950,0.9961,0.9969
0.9977,0.9984,0.9988,0.9990,0.9991,0.9992,0.9992,0.9993,0.9993,0.9993
0.9994,0.9994,0.9994,0.9995,0.9995,0.9995,0.9995,0.9995,0.9996,0.9996
0.9996,0.9996,0.9996,0.9997,0.9997,0.9997,0.9997,0.9997,0.9998,0.9998
0.9998,0.9998,0.9998,0.9999,0.9999,0.9999,1.0000,1.0000,
