; For HKS DC test. Adapted from sdriftmap.param
; L.Yuan 06/07/2003
;
; Lookup table for Hall C drift chamber time to distance map.
;
;number of bins in Meek's time to distance lookup table
hdriftbins=126
;number of 1st bin in Meek's table in ns
hdrift1stbin=-50
;bin size in ns of Meek's table
hdriftbinsz=2
;
hwc1u1fract=0.0001,0.0002,0.0004,0.0007,0.0010,0.0014,0.0018,0.0022
0.0026,0.0030,0.0035,0.0041,0.0046,0.0051,0.0056,0.0062,0.0067,0.0073
0.0079,0.0085,0.0089,0.0095,0.0101,0.0107,0.0118,0.0140,0.0192,0.0281
0.0403,0.0552,0.0729,0.0918,0.1130,0.1347,0.1569,0.1799,0.2034,0.2274
0.2503,0.2738,0.2971,0.3198,0.3432,0.3668,0.3895,0.4126,0.4349,0.4572
0.4795,0.5017,0.5239,0.5456,0.5671,0.5884,0.6095,0.6304,0.6515,0.6726
0.6931,0.7129,0.7331,0.7524,0.7716,0.7908,0.8099,0.8279,0.8462,0.8629
0.8795,0.8950,0.9099,0.9229,0.9345,0.9445,0.9530,0.9602,0.9663,0.9712
0.9754,0.9789,0.9819,0.9845,0.9867,0.9886,0.9901,0.9916,0.9929,0.9940
0.9950,0.9960,0.9965,0.9969,0.9971,0.9973,0.9976,0.9977,0.9979,0.9980
0.9981,0.9982,0.9982,0.9983,0.9984,0.9985,0.9985,0.9986,0.9987,0.9988
0.9988,0.9989,0.9989,0.9990,0.9991,0.9991,0.9992,0.9993,0.9993,0.9994
0.9995,0.9996,0.9996,0.9997,0.9998,0.9998,0.9999,1.0000,
hwc1u2fract=0.0001,0.0002,0.0003,0.0005,0.0007,0.0011,0.0014,0.0018
0.0022,0.0027,0.0031,0.0037,0.0041,0.0046,0.0052,0.0057,0.0062,0.0067
0.0072,0.0078,0.0083,0.0089,0.0095,0.0101,0.0110,0.0129,0.0167,0.0241
0.0346,0.0479,0.0641,0.0827,0.1021,0.1238,0.1458,0.1683,0.1919,0.2157
0.2392,0.2630,0.2865,0.3102,0.3336,0.3564,0.3793,0.4019,0.4247,0.4472
0.4701,0.4925,0.5150,0.5369,0.5588,0.5808,0.6017,0.6226,0.6435,0.6637
0.6842,0.7044,0.7243,0.7444,0.7642,0.7833,0.8019,0.8203,0.8385,0.8567
0.8737,0.8901,0.9052,0.9193,0.9313,0.9417,0.9508,0.9582,0.9644,0.9694
0.9738,0.9773,0.9803,0.9829,0.9852,0.9873,0.9891,0.9906,0.9921,0.9934
0.9945,0.9954,0.9961,0.9966,0.9969,0.9972,0.9975,0.9978,0.9979,0.9980
0.9981,0.9983,0.9983,0.9984,0.9985,0.9986,0.9986,0.9987,0.9988,0.9989
0.9990,0.9990,0.9991,0.9991,0.9992,0.9992,0.9993,0.9993,0.9993,0.9994
0.9995,0.9996,0.9996,0.9997,0.9998,0.9999,0.9999,1.0000,
hwc1x1fract=0.0001,0.0002,0.0003,0.0005,0.0007,0.0010,0.0014,0.0018
0.0022,0.0028,0.0033,0.0039,0.0044,0.0050,0.0055,0.0060,0.0064,0.0069
0.0073,0.0078,0.0082,0.0087,0.0090,0.0094,0.0100,0.0113,0.0141,0.0200
0.0298,0.0426,0.0590,0.0775,0.0979,0.1189,0.1417,0.1639,0.1874,0.2108
0.2344,0.2586,0.2820,0.3049,0.3282,0.3511,0.3745,0.3972,0.4196,0.4419
0.4636,0.4860,0.5082,0.5301,0.5513,0.5731,0.5947,0.6157,0.6368,0.6574
0.6782,0.6988,0.7190,0.7391,0.7589,0.7785,0.7974,0.8162,0.8347,0.8526
0.8696,0.8861,0.9016,0.9161,0.9293,0.9409,0.9507,0.9586,0.9655,0.9711
0.9758,0.9796,0.9828,0.9857,0.9881,0.9901,0.9917,0.9932,0.9946,0.9959
0.9971,0.9980,0.9984,0.9986,0.9988,0.9989,0.9990,0.9991,0.9992,0.9992
0.9993,0.9993,0.9993,0.9994,0.9994,0.9994,0.9994,0.9995,0.9995,0.9995
0.9996,0.9996,0.9997,0.9997,0.9997,0.9997,0.9997,0.9998,0.9998,0.9998
0.9998,0.9999,0.9999,0.9999,0.9999,1.0000,1.0000,1.0000,
hwc1x2fract=0.0001,0.0001,0.0002,0.0004,0.0007,0.0010,0.0014,0.0019
0.0024,0.0029,0.0035,0.0040,0.0046,0.0051,0.0056,0.0059,0.0064,0.0069
0.0074,0.0077,0.0082,0.0085,0.0089,0.0094,0.0100,0.0115,0.0149,0.0216
0.0318,0.0453,0.0620,0.0807,0.1012,0.1231,0.1455,0.1692,0.1924,0.2163
0.2401,0.2638,0.2875,0.3107,0.3339,0.3565,0.3789,0.4016,0.4240,0.4470
0.4697,0.4918,0.5136,0.5346,0.5557,0.5774,0.5984,0.6193,0.6403,0.6612
0.6821,0.7025,0.7224,0.7427,0.7619,0.7811,0.7998,0.8188,0.8368,0.8550
0.8727,0.8891,0.9043,0.9187,0.9313,0.9426,0.9522,0.9604,0.9669,0.9723
0.9767,0.9805,0.9834,0.9860,0.9882,0.9901,0.9918,0.9934,0.9947,0.9959
0.9971,0.9979,0.9983,0.9985,0.9987,0.9988,0.9989,0.9990,0.9991,0.9992
0.9992,0.9992,0.9993,0.9993,0.9993,0.9994,0.9994,0.9994,0.9995,0.9995
0.9995,0.9995,0.9996,0.9996,0.9996,0.9997,0.9997,0.9997,0.9997,0.9998
0.9998,0.9998,0.9999,0.9999,0.9999,0.9999,1.0000,1.0000,
hwc1v1fract=0.0001,0.0002,0.0003,0.0004,0.0006,0.0009,0.0012,0.0016
0.0019,0.0024,0.0029,0.0034,0.0040,0.0045,0.0051,0.0056,0.0062,0.0068
0.0074,0.0079,0.0085,0.0090,0.0095,0.0101,0.0108,0.0119,0.0142,0.0193
0.0279,0.0395,0.0543,0.0714,0.0909,0.1119,0.1333,0.1557,0.1784,0.2017
0.2255,0.2488,0.2726,0.2965,0.3197,0.3426,0.3658,0.3889,0.4122,0.4349
0.4577,0.4805,0.5023,0.5245,0.5462,0.5682,0.5900,0.6109,0.6320,0.6524
0.6729,0.6932,0.7130,0.7325,0.7525,0.7719,0.7907,0.8095,0.8281,0.8458
0.8630,0.8789,0.8947,0.9095,0.9227,0.9344,0.9446,0.9529,0.9600,0.9659
0.9708,0.9749,0.9782,0.9812,0.9838,0.9860,0.9879,0.9897,0.9913,0.9926
0.9938,0.9950,0.9957,0.9963,0.9967,0.9971,0.9974,0.9976,0.9978,0.9980
0.9982,0.9983,0.9984,0.9985,0.9986,0.9986,0.9987,0.9988,0.9988,0.9989
0.9990,0.9990,0.9991,0.9991,0.9992,0.9992,0.9993,0.9993,0.9994,0.9995
0.9995,0.9996,0.9997,0.9997,0.9998,0.9999,1.0000,1.0000,
hwc1v2fract=0.0001,0.0002,0.0004,0.0006,0.0008,0.0011,0.0014,0.0017
0.0022,0.0026,0.0031,0.0036,0.0041,0.0046,0.0051,0.0056,0.0061,0.0066
0.0072,0.0078,0.0083,0.0089,0.0094,0.0100,0.0109,0.0123,0.0156,0.0220
0.0320,0.0451,0.0602,0.0778,0.0967,0.1174,0.1390,0.1609,0.1841,0.2080
0.2310,0.2549,0.2784,0.3015,0.3250,0.3489,0.3726,0.3946,0.4174,0.4401
0.4629,0.4858,0.5079,0.5306,0.5523,0.5735,0.5951,0.6159,0.6373,0.6581
0.6787,0.6991,0.7191,0.7391,0.7580,0.7772,0.7959,0.8144,0.8322,0.8503
0.8675,0.8837,0.8989,0.9127,0.9259,0.9374,0.9472,0.9551,0.9617,0.9673
0.9722,0.9762,0.9794,0.9822,0.9846,0.9867,0.9884,0.9901,0.9915,0.9929
0.9941,0.9951,0.9958,0.9964,0.9968,0.9971,0.9974,0.9977,0.9979,0.9980
0.9981,0.9983,0.9984,0.9985,0.9986,0.9987,0.9987,0.9988,0.9989,0.9990
0.9990,0.9991,0.9991,0.9991,0.9992,0.9992,0.9993,0.9994,0.9994,0.9995
0.9995,0.9996,0.9996,0.9997,0.9998,0.9999,0.9999,1.0000,
hwc2u1fract=0.0000,0.0000,0.0001,0.0001,0.0002,0.0002,0.0003,0.0003
0.0004,0.0004,0.0005,0.0005,0.0006,0.0006,0.0006,0.0007,0.0007,0.0008
0.0008,0.0009,0.0009,0.0010,0.0011,0.0013,0.0018,0.0033,0.0081,0.0183
0.0334,0.0517,0.0723,0.0934,0.1157,0.1388,0.1608,0.1830,0.2051,0.2271
0.2490,0.2711,0.2931,0.3153,0.3375,0.3594,0.3807,0.4029,0.4254,0.4465
0.4684,0.4901,0.5120,0.5336,0.5554,0.5773,0.5988,0.6201,0.6410,0.6619
0.6828,0.7037,0.7243,0.7446,0.7644,0.7840,0.8035,0.8226,0.8418,0.8604
0.8780,0.8944,0.9106,0.9252,0.9382,0.9493,0.9584,0.9660,0.9720,0.9771
0.9810,0.9843,0.9868,0.9889,0.9907,0.9922,0.9935,0.9947,0.9959,0.9968
0.9976,0.9983,0.9986,0.9988,0.9989,0.9990,0.9991,0.9991,0.9992,0.9992
0.9992,0.9993,0.9993,0.9993,0.9993,0.9994,0.9994,0.9994,0.9995,0.9995
0.9995,0.9995,0.9995,0.9996,0.9996,0.9996,0.9997,0.9997,0.9997,0.9997
0.9998,0.9998,0.9999,0.9999,0.9999,0.9999,1.0000,1.0000,
hwc2u2fract=0.0000,0.0000,0.0001,0.0001,0.0002,0.0002,0.0002,0.0003
0.0003,0.0003,0.0004,0.0004,0.0005,0.0005,0.0006,0.0006,0.0006,0.0007
0.0007,0.0008,0.0008,0.0009,0.0010,0.0012,0.0016,0.0028,0.0063,0.0146
0.0274,0.0449,0.0648,0.0861,0.1076,0.1295,0.1521,0.1754,0.1983,0.2202
0.2427,0.2647,0.2874,0.3096,0.3320,0.3540,0.3764,0.3984,0.4208,0.4429
0.4647,0.4867,0.5086,0.5300,0.5518,0.5736,0.5949,0.6164,0.6374,0.6585
0.6788,0.6995,0.7198,0.7403,0.7596,0.7793,0.7989,0.8176,0.8361,0.8547
0.8722,0.8894,0.9059,0.9212,0.9345,0.9460,0.9559,0.9640,0.9706,0.9756
0.9797,0.9829,0.9857,0.9880,0.9900,0.9916,0.9931,0.9944,0.9954,0.9964
0.9974,0.9982,0.9986,0.9988,0.9990,0.9991,0.9991,0.9992,0.9992,0.9992
0.9993,0.9993,0.9993,0.9994,0.9994,0.9994,0.9995,0.9995,0.9995,0.9995
0.9995,0.9996,0.9996,0.9996,0.9996,0.9997,0.9997,0.9997,0.9997,0.9998
0.9998,0.9998,0.9999,0.9999,0.9999,1.0000,1.0000,1.0000,
hwc2x1fract=0.0000,0.0000,0.0001,0.0001,0.0001,0.0001,0.0001,0.0001
0.0001,0.0002,0.0002,0.0002,0.0002,0.0002,0.0002,0.0002,0.0003,0.0003
0.0003,0.0003,0.0003,0.0003,0.0004,0.0006,0.0010,0.0026,0.0072,0.0170
0.0321,0.0508,0.0721,0.0944,0.1166,0.1391,0.1611,0.1837,0.2059,0.2276
0.2494,0.2712,0.2931,0.3154,0.3374,0.3597,0.3819,0.4040,0.4256,0.4478
0.4698,0.4918,0.5134,0.5351,0.5568,0.5782,0.5993,0.6204,0.6416,0.6621
0.6831,0.7040,0.7241,0.7447,0.7643,0.7836,0.8029,0.8220,0.8407,0.8588
0.8767,0.8936,0.9100,0.9248,0.9379,0.9494,0.9587,0.9662,0.9721,0.9769
0.9807,0.9837,0.9863,0.9885,0.9904,0.9920,0.9935,0.9948,0.9959,0.9970
0.9980,0.9987,0.9989,0.9990,0.9991,0.9992,0.9993,0.9993,0.9994,0.9994
0.9995,0.9995,0.9995,0.9996,0.9996,0.9996,0.9996,0.9997,0.9997,0.9997
0.9997,0.9998,0.9998,0.9998,0.9998,0.9998,0.9998,0.9999,0.9999,0.9999
0.9999,0.9999,0.9999,1.0000,1.0000,1.0000,1.0000,1.0000,
hwc2x2fract=0.0000,0.0000,0.0001,0.0001,0.0001,0.0001,0.0001,0.0001
0.0001,0.0001,0.0001,0.0002,0.0002,0.0002,0.0002,0.0002,0.0002,0.0003
0.0003,0.0003,0.0003,0.0003,0.0004,0.0006,0.0011,0.0025,0.0074,0.0175
0.0334,0.0528,0.0740,0.0961,0.1191,0.1418,0.1641,0.1863,0.2088,0.2310
0.2531,0.2751,0.2975,0.3202,0.3421,0.3638,0.3859,0.4083,0.4303,0.4519
0.4738,0.4956,0.5170,0.5388,0.5595,0.5807,0.6023,0.6235,0.6443,0.6649
0.6858,0.7063,0.7269,0.7469,0.7671,0.7866,0.8060,0.8252,0.8438,0.8618
0.8793,0.8961,0.9123,0.9265,0.9395,0.9506,0.9600,0.9674,0.9735,0.9783
0.9817,0.9849,0.9875,0.9895,0.9913,0.9929,0.9942,0.9954,0.9965,0.9976
0.9985,0.9992,0.9993,0.9994,0.9995,0.9996,0.9996,0.9997,0.9997,0.9997
0.9997,0.9997,0.9997,0.9997,0.9997,0.9997,0.9997,0.9998,0.9998,0.9998
0.9998,0.9998,0.9998,0.9999,0.9999,0.9999,0.9999,0.9999,0.9999,0.9999
0.9999,0.9999,0.9999,1.0000,1.0000,1.0000,1.0000,1.0000,
hwc2v1fract=0.0000,0.0001,0.0001,0.0001,0.0002,0.0002,0.0002,0.0003
0.0003,0.0004,0.0004,0.0004,0.0005,0.0005,0.0006,0.0006,0.0007,0.0007
0.0007,0.0008,0.0008,0.0009,0.0010,0.0012,0.0018,0.0037,0.0094,0.0202
0.0363,0.0553,0.0762,0.0980,0.1199,0.1427,0.1652,0.1877,0.2104,0.2330
0.2557,0.2772,0.2992,0.3211,0.3432,0.3653,0.3869,0.4090,0.4313,0.4528
0.4746,0.4959,0.5172,0.5390,0.5607,0.5820,0.6031,0.6245,0.6452,0.6663
0.6867,0.7067,0.7269,0.7470,0.7661,0.7857,0.8044,0.8237,0.8426,0.8606
0.8778,0.8945,0.9100,0.9242,0.9367,0.9481,0.9574,0.9650,0.9710,0.9760
0.9799,0.9832,0.9858,0.9881,0.9901,0.9919,0.9934,0.9947,0.9957,0.9965
0.9974,0.9982,0.9986,0.9988,0.9989,0.9991,0.9991,0.9992,0.9992,0.9993
0.9993,0.9993,0.9993,0.9993,0.9994,0.9994,0.9994,0.9995,0.9995,0.9995
0.9995,0.9996,0.9996,0.9996,0.9996,0.9997,0.9997,0.9997,0.9997,0.9998
0.9998,0.9998,0.9998,0.9999,0.9999,0.9999,1.0000,1.0000,
hwc2v2fract=0.0000,0.0001,0.0001,0.0001,0.0002,0.0002,0.0002,0.0003
0.0003,0.0003,0.0004,0.0004,0.0004,0.0005,0.0005,0.0005,0.0006,0.0006
0.0007,0.0007,0.0008,0.0008,0.0010,0.0012,0.0019,0.0042,0.0105,0.0226
0.0393,0.0587,0.0798,0.1018,0.1240,0.1465,0.1688,0.1912,0.2137,0.2355
0.2580,0.2794,0.3007,0.3231,0.3450,0.3668,0.3888,0.4104,0.4318,0.4533
0.4753,0.4965,0.5182,0.5398,0.5620,0.5835,0.6043,0.6253,0.6460,0.6665
0.6869,0.7068,0.7271,0.7472,0.7668,0.7869,0.8059,0.8243,0.8426,0.8607
0.8784,0.8947,0.9103,0.9242,0.9365,0.9476,0.9575,0.9652,0.9713,0.9762
0.9801,0.9832,0.9860,0.9883,0.9901,0.9916,0.9931,0.9943,0.9953,0.9964
0.9973,0.9981,0.9985,0.9988,0.9990,0.9991,0.9992,0.9993,0.9993,0.9993
0.9994,0.9994,0.9994,0.9995,0.9995,0.9995,0.9995,0.9995,0.9996,0.9996
0.9996,0.9997,0.9997,0.9997,0.9997,0.9998,0.9998,0.9998,0.9998,0.9998
0.9999,0.9999,0.9999,0.9999,0.9999,1.0000,1.0000,1.0000,
