; For HKS DC test. Adapted from sdriftmap.param
; L.Yuan 06/07/2003
;
; Lookup table for Hall C drift chamber time to distance map.
;
;number of bins in Meek's time to distance lookup table
hdriftbins=126
;number of 1st bin in Meek's table in ns
hdrift1stbin=-50
;bin size in ns of Meek's table
hdriftbinsz=2
;
hwc1u1fract=0.0003,0.0006,0.0009,0.0016,0.0024,0.0033,0.0041,0.0052
0.0064,0.0076,0.0088,0.0101,0.0116,0.0133,0.0149,0.0166,0.0182,0.0199
0.0215,0.0233,0.0250,0.0269,0.0286,0.0304,0.0327,0.0354,0.0397,0.0462
0.0548,0.0659,0.0790,0.0947,0.1119,0.1299,0.1498,0.1708,0.1937,0.2166
0.2401,0.2641,0.2884,0.3121,0.3359,0.3601,0.3834,0.4065,0.4301,0.4537
0.4766,0.4997,0.5222,0.5438,0.5656,0.5865,0.6091,0.6302,0.6513,0.6724
0.6916,0.7110,0.7304,0.7493,0.7678,0.7856,0.8035,0.8209,0.8380,0.8545
0.8700,0.8851,0.8992,0.9116,0.9224,0.9327,0.9419,0.9491,0.9554,0.9609
0.9651,0.9692,0.9722,0.9751,0.9780,0.9803,0.9821,0.9838,0.9854,0.9870
0.9882,0.9894,0.9903,0.9909,0.9915,0.9921,0.9926,0.9930,0.9934,0.9937
0.9939,0.9941,0.9945,0.9947,0.9950,0.9953,0.9955,0.9957,0.9959,0.9961
0.9964,0.9967,0.9968,0.9972,0.9973,0.9975,0.9977,0.9980,0.9982,0.9984
0.9986,0.9988,0.9990,0.9992,0.9994,0.9996,0.9998,1.0000,
hwc1u2fract=0.0003,0.0006,0.0010,0.0016,0.0022,0.0029,0.0037,0.0045
0.0055,0.0065,0.0077,0.0089,0.0101,0.0115,0.0130,0.0145,0.0162,0.0177
0.0193,0.0209,0.0226,0.0243,0.0261,0.0280,0.0298,0.0322,0.0355,0.0409
0.0481,0.0575,0.0694,0.0830,0.0983,0.1149,0.1333,0.1531,0.1739,0.1960
0.2192,0.2425,0.2659,0.2905,0.3134,0.3382,0.3628,0.3867,0.4099,0.4330
0.4562,0.4787,0.5024,0.5246,0.5470,0.5690,0.5905,0.6121,0.6335,0.6546
0.6749,0.6945,0.7135,0.7329,0.7519,0.7708,0.7893,0.8077,0.8261,0.8426
0.8589,0.8745,0.8897,0.9029,0.9161,0.9271,0.9362,0.9443,0.9509,0.9564
0.9613,0.9655,0.9693,0.9724,0.9752,0.9777,0.9800,0.9821,0.9840,0.9856
0.9869,0.9883,0.9894,0.9902,0.9911,0.9918,0.9923,0.9928,0.9931,0.9934
0.9939,0.9942,0.9945,0.9947,0.9950,0.9952,0.9953,0.9956,0.9959,0.9961
0.9964,0.9966,0.9968,0.9970,0.9972,0.9974,0.9976,0.9978,0.9980,0.9982
0.9985,0.9987,0.9989,0.9991,0.9993,0.9995,0.9997,1.0000,
hwc1x1fract=0.0002,0.0004,0.0007,0.0011,0.0015,0.0020,0.0029,0.0039
0.0050,0.0063,0.0076,0.0090,0.0107,0.0122,0.0138,0.0152,0.0167,0.0184
0.0197,0.0210,0.0224,0.0236,0.0251,0.0261,0.0274,0.0289,0.0315,0.0355
0.0423,0.0523,0.0643,0.0788,0.0955,0.1147,0.1353,0.1577,0.1804,0.2032
0.2269,0.2503,0.2741,0.2980,0.3225,0.3469,0.3700,0.3932,0.4153,0.4374
0.4599,0.4814,0.5033,0.5246,0.5455,0.5664,0.5877,0.6092,0.6290,0.6496
0.6692,0.6887,0.7080,0.7278,0.7466,0.7657,0.7856,0.8051,0.8235,0.8414
0.8587,0.8752,0.8910,0.9054,0.9189,0.9305,0.9408,0.9496,0.9571,0.9634
0.9687,0.9732,0.9770,0.9804,0.9831,0.9857,0.9878,0.9897,0.9914,0.9927
0.9941,0.9952,0.9956,0.9961,0.9964,0.9967,0.9970,0.9972,0.9973,0.9975
0.9977,0.9979,0.9980,0.9981,0.9982,0.9983,0.9984,0.9985,0.9986,0.9986
0.9988,0.9988,0.9988,0.9989,0.9990,0.9991,0.9992,0.9993,0.9993,0.9994
0.9995,0.9996,0.9997,0.9997,0.9998,0.9999,0.9999,1.0000,
hwc1x2fract=0.0002,0.0005,0.0009,0.0014,0.0020,0.0028,0.0037,0.0047
0.0061,0.0074,0.0088,0.0104,0.0120,0.0132,0.0148,0.0163,0.0178,0.0193
0.0207,0.0220,0.0234,0.0245,0.0258,0.0270,0.0285,0.0303,0.0334,0.0382
0.0462,0.0564,0.0697,0.0849,0.1029,0.1220,0.1432,0.1659,0.1892,0.2129
0.2374,0.2602,0.2832,0.3078,0.3317,0.3546,0.3770,0.4000,0.4231,0.4456
0.4676,0.4894,0.5115,0.5330,0.5543,0.5760,0.5969,0.6171,0.6370,0.6576
0.6784,0.6971,0.7163,0.7356,0.7553,0.7746,0.7927,0.8105,0.8281,0.8456
0.8628,0.8791,0.8951,0.9098,0.9232,0.9350,0.9447,0.9532,0.9600,0.9657
0.9707,0.9749,0.9785,0.9813,0.9838,0.9860,0.9882,0.9898,0.9914,0.9927
0.9939,0.9948,0.9953,0.9957,0.9961,0.9964,0.9966,0.9969,0.9972,0.9973
0.9974,0.9975,0.9976,0.9977,0.9979,0.9980,0.9982,0.9983,0.9984,0.9985
0.9985,0.9987,0.9987,0.9989,0.9989,0.9990,0.9991,0.9992,0.9993,0.9994
0.9994,0.9995,0.9996,0.9996,0.9997,0.9999,0.9999,1.0000,
hwc1v1fract=0.0003,0.0007,0.0010,0.0014,0.0021,0.0028,0.0035,0.0043
0.0053,0.0064,0.0075,0.0088,0.0101,0.0117,0.0134,0.0150,0.0165,0.0182
0.0197,0.0215,0.0233,0.0251,0.0267,0.0287,0.0305,0.0327,0.0353,0.0389
0.0451,0.0532,0.0635,0.0752,0.0894,0.1056,0.1239,0.1430,0.1640,0.1858
0.2086,0.2308,0.2540,0.2774,0.3014,0.3254,0.3491,0.3727,0.3961,0.4204
0.4445,0.4671,0.4895,0.5119,0.5339,0.5567,0.5793,0.6013,0.6227,0.6441
0.6655,0.6858,0.7053,0.7246,0.7445,0.7633,0.7820,0.8007,0.8183,0.8355
0.8523,0.8678,0.8832,0.8980,0.9111,0.9217,0.9316,0.9404,0.9479,0.9545
0.9597,0.9640,0.9680,0.9715,0.9743,0.9769,0.9795,0.9814,0.9837,0.9851
0.9869,0.9883,0.9895,0.9903,0.9910,0.9916,0.9923,0.9928,0.9932,0.9936
0.9939,0.9942,0.9945,0.9949,0.9952,0.9954,0.9956,0.9957,0.9959,0.9961
0.9964,0.9966,0.9968,0.9970,0.9972,0.9975,0.9977,0.9979,0.9982,0.9984
0.9985,0.9987,0.9989,0.9991,0.9993,0.9996,0.9998,1.0000,
hwc1v2fract=0.0004,0.0008,0.0013,0.0019,0.0024,0.0031,0.0040,0.0049
0.0060,0.0071,0.0083,0.0095,0.0109,0.0125,0.0139,0.0155,0.0170,0.0186
0.0201,0.0215,0.0232,0.0251,0.0271,0.0289,0.0309,0.0332,0.0366,0.0415
0.0488,0.0582,0.0700,0.0830,0.0985,0.1155,0.1335,0.1528,0.1747,0.1965
0.2195,0.2432,0.2676,0.2914,0.3162,0.3401,0.3644,0.3883,0.4122,0.4361
0.4599,0.4823,0.5048,0.5285,0.5518,0.5743,0.5971,0.6183,0.6396,0.6599
0.6801,0.7004,0.7197,0.7388,0.7573,0.7752,0.7934,0.8115,0.8288,0.8452
0.8612,0.8770,0.8913,0.9040,0.9163,0.9274,0.9369,0.9451,0.9518,0.9577
0.9623,0.9669,0.9707,0.9741,0.9766,0.9792,0.9811,0.9830,0.9849,0.9866
0.9880,0.9892,0.9900,0.9908,0.9915,0.9921,0.9926,0.9931,0.9934,0.9938
0.9940,0.9943,0.9946,0.9949,0.9952,0.9954,0.9957,0.9959,0.9962,0.9964
0.9967,0.9969,0.9971,0.9973,0.9974,0.9976,0.9978,0.9979,0.9982,0.9984
0.9986,0.9989,0.9990,0.9992,0.9994,0.9995,0.9998,1.0000,
hwc2u1fract=0.0001,0.0002,0.0003,0.0005,0.0006,0.0008,0.0009,0.0011
0.0012,0.0013,0.0014,0.0015,0.0017,0.0018,0.0019,0.0021,0.0023,0.0023
0.0025,0.0026,0.0029,0.0030,0.0033,0.0037,0.0045,0.0059,0.0090,0.0155
0.0258,0.0391,0.0555,0.0739,0.0944,0.1151,0.1368,0.1592,0.1827,0.2065
0.2307,0.2538,0.2771,0.3005,0.3242,0.3468,0.3700,0.3920,0.4148,0.4369
0.4589,0.4807,0.5039,0.5265,0.5488,0.5718,0.5938,0.6152,0.6362,0.6567
0.6777,0.6989,0.7192,0.7390,0.7594,0.7785,0.7986,0.8181,0.8365,0.8542
0.8716,0.8873,0.9030,0.9170,0.9296,0.9410,0.9508,0.9590,0.9657,0.9711
0.9754,0.9789,0.9819,0.9844,0.9864,0.9883,0.9898,0.9914,0.9929,0.9941
0.9949,0.9957,0.9963,0.9967,0.9971,0.9974,0.9976,0.9977,0.9979,0.9980
0.9980,0.9981,0.9982,0.9983,0.9984,0.9984,0.9985,0.9986,0.9986,0.9987
0.9987,0.9988,0.9989,0.9989,0.9991,0.9991,0.9992,0.9993,0.9993,0.9994
0.9995,0.9995,0.9996,0.9997,0.9998,0.9998,0.9999,1.0000,
hwc2u2fract=0.0001,0.0002,0.0003,0.0004,0.0005,0.0007,0.0009,0.0010
0.0011,0.0014,0.0016,0.0018,0.0019,0.0020,0.0022,0.0023,0.0024,0.0026
0.0028,0.0029,0.0031,0.0032,0.0034,0.0037,0.0043,0.0053,0.0075,0.0120
0.0198,0.0314,0.0450,0.0615,0.0798,0.0995,0.1215,0.1436,0.1655,0.1889
0.2122,0.2361,0.2602,0.2832,0.3074,0.3301,0.3526,0.3758,0.3994,0.4219
0.4438,0.4667,0.4888,0.5120,0.5345,0.5569,0.5785,0.6001,0.6222,0.6438
0.6658,0.6867,0.7073,0.7276,0.7484,0.7678,0.7868,0.8060,0.8243,0.8429
0.8617,0.8790,0.8948,0.9100,0.9231,0.9350,0.9452,0.9540,0.9612,0.9673
0.9721,0.9760,0.9797,0.9825,0.9848,0.9869,0.9888,0.9903,0.9917,0.9929
0.9941,0.9949,0.9956,0.9962,0.9966,0.9968,0.9972,0.9973,0.9975,0.9976
0.9977,0.9978,0.9979,0.9980,0.9981,0.9982,0.9983,0.9984,0.9985,0.9985
0.9986,0.9987,0.9988,0.9988,0.9989,0.9990,0.9991,0.9991,0.9993,0.9993
0.9994,0.9995,0.9996,0.9997,0.9998,0.9999,1.0000,1.0000,
hwc2x1fract=0.0000,0.0001,0.0001,0.0002,0.0003,0.0004,0.0005,0.0005
0.0006,0.0007,0.0007,0.0008,0.0009,0.0009,0.0011,0.0012,0.0013,0.0014
0.0015,0.0016,0.0016,0.0017,0.0019,0.0023,0.0028,0.0042,0.0073,0.0135
0.0239,0.0381,0.0562,0.0766,0.0980,0.1196,0.1424,0.1655,0.1888,0.2113
0.2344,0.2579,0.2803,0.3034,0.3262,0.3492,0.3715,0.3932,0.4159,0.4370
0.4595,0.4818,0.5041,0.5251,0.5468,0.5680,0.5890,0.6108,0.6321,0.6533
0.6744,0.6947,0.7158,0.7359,0.7559,0.7757,0.7952,0.8144,0.8335,0.8520
0.8693,0.8857,0.9021,0.9165,0.9296,0.9412,0.9513,0.9594,0.9661,0.9716
0.9760,0.9802,0.9833,0.9860,0.9883,0.9903,0.9921,0.9935,0.9947,0.9959
0.9970,0.9977,0.9981,0.9983,0.9985,0.9987,0.9988,0.9989,0.9990,0.9990
0.9991,0.9992,0.9992,0.9992,0.9993,0.9993,0.9994,0.9994,0.9995,0.9995
0.9995,0.9996,0.9996,0.9996,0.9996,0.9997,0.9997,0.9997,0.9997,0.9998
0.9998,0.9998,0.9999,0.9999,0.9999,0.9999,1.0000,1.0000,
hwc2x2fract=0.0000,0.0002,0.0002,0.0002,0.0003,0.0003,0.0004,0.0005
0.0005,0.0007,0.0007,0.0008,0.0008,0.0009,0.0009,0.0010,0.0011,0.0012
0.0012,0.0013,0.0015,0.0016,0.0018,0.0023,0.0030,0.0045,0.0080,0.0148
0.0264,0.0418,0.0597,0.0808,0.1027,0.1250,0.1475,0.1699,0.1925,0.2154
0.2391,0.2615,0.2847,0.3085,0.3295,0.3516,0.3736,0.3954,0.4171,0.4403
0.4619,0.4837,0.5059,0.5281,0.5491,0.5707,0.5922,0.6136,0.6350,0.6557
0.6771,0.6985,0.7190,0.7392,0.7588,0.7786,0.7983,0.8177,0.8352,0.8535
0.8716,0.8886,0.9039,0.9193,0.9321,0.9436,0.9533,0.9616,0.9682,0.9736
0.9780,0.9815,0.9843,0.9867,0.9891,0.9908,0.9923,0.9938,0.9951,0.9963
0.9973,0.9981,0.9984,0.9986,0.9988,0.9989,0.9990,0.9991,0.9991,0.9992
0.9992,0.9993,0.9993,0.9994,0.9994,0.9994,0.9994,0.9995,0.9995,0.9995
0.9995,0.9996,0.9996,0.9997,0.9997,0.9997,0.9997,0.9997,0.9997,0.9997
0.9998,0.9998,0.9998,0.9998,0.9999,0.9999,0.9999,1.0000,
hwc2v1fract=0.0001,0.0002,0.0003,0.0004,0.0007,0.0008,0.0009,0.0012
0.0013,0.0014,0.0016,0.0017,0.0018,0.0019,0.0020,0.0021,0.0022,0.0023
0.0024,0.0026,0.0027,0.0028,0.0031,0.0035,0.0043,0.0060,0.0093,0.0163
0.0272,0.0419,0.0592,0.0782,0.0990,0.1196,0.1417,0.1642,0.1875,0.2101
0.2325,0.2554,0.2787,0.3017,0.3246,0.3475,0.3701,0.3917,0.4145,0.4364
0.4590,0.4817,0.5036,0.5254,0.5471,0.5692,0.5912,0.6132,0.6349,0.6556
0.6756,0.6966,0.7166,0.7371,0.7576,0.7768,0.7958,0.8144,0.8333,0.8508
0.8683,0.8849,0.9003,0.9143,0.9272,0.9386,0.9480,0.9566,0.9633,0.9690
0.9738,0.9778,0.9810,0.9836,0.9858,0.9878,0.9896,0.9909,0.9923,0.9934
0.9944,0.9954,0.9960,0.9965,0.9968,0.9970,0.9973,0.9975,0.9977,0.9978
0.9980,0.9980,0.9981,0.9983,0.9983,0.9984,0.9984,0.9985,0.9986,0.9987
0.9988,0.9989,0.9990,0.9990,0.9991,0.9992,0.9993,0.9993,0.9994,0.9995
0.9995,0.9996,0.9997,0.9998,0.9998,0.9999,0.9999,1.0000,
hwc2v2fract=0.0001,0.0002,0.0003,0.0004,0.0005,0.0007,0.0008,0.0010
0.0011,0.0013,0.0014,0.0014,0.0016,0.0018,0.0020,0.0021,0.0023,0.0024
0.0027,0.0028,0.0030,0.0031,0.0034,0.0039,0.0047,0.0067,0.0110,0.0189
0.0314,0.0465,0.0647,0.0847,0.1063,0.1286,0.1516,0.1746,0.1982,0.2215
0.2454,0.2685,0.2916,0.3145,0.3376,0.3604,0.3829,0.4048,0.4272,0.4492
0.4722,0.4947,0.5163,0.5379,0.5592,0.5809,0.6014,0.6220,0.6423,0.6630
0.6837,0.7044,0.7243,0.7442,0.7643,0.7830,0.8019,0.8202,0.8381,0.8559
0.8735,0.8890,0.9042,0.9184,0.9307,0.9419,0.9511,0.9587,0.9650,0.9704
0.9748,0.9785,0.9817,0.9841,0.9864,0.9883,0.9901,0.9915,0.9930,0.9943
0.9953,0.9962,0.9967,0.9971,0.9974,0.9976,0.9978,0.9979,0.9980,0.9981
0.9982,0.9983,0.9984,0.9984,0.9985,0.9986,0.9987,0.9987,0.9988,0.9989
0.9989,0.9990,0.9991,0.9992,0.9993,0.9993,0.9994,0.9994,0.9995,0.9996
0.9996,0.9997,0.9997,0.9998,0.9999,0.9999,1.0000,1.0000,
