; For HKS DC test. Adapted from sdriftmap.param
; L.Yuan 06/07/2003
;
; Lookup table for Hall C drift chamber time to distance map.
;
;number of bins in Meek's time to distance lookup table
hdriftbins=126
;number of 1st bin in Meek's table in ns
hdrift1stbin=-50
;bin size in ns of Meek's table
hdriftbinsz=2
;
hwc1u1fract=0.0001,0.0002,0.0003,0.0005,0.0007,0.0009,0.0011,0.0016
0.0019,0.0023,0.0028,0.0032,0.0036,0.0042,0.0047,0.0051,0.0056,0.0061
0.0068,0.0073,0.0079,0.0085,0.0091,0.0096,0.0104,0.0121,0.0153,0.0211
0.0299,0.0416,0.0559,0.0726,0.0907,0.1114,0.1326,0.1560,0.1799,0.2039
0.2281,0.2533,0.2777,0.3028,0.3272,0.3507,0.3753,0.3982,0.4220,0.4451
0.4682,0.4908,0.5133,0.5355,0.5578,0.5797,0.6011,0.6226,0.6437,0.6641
0.6835,0.7019,0.7203,0.7386,0.7568,0.7745,0.7916,0.8080,0.8242,0.8396
0.8547,0.8687,0.8829,0.8961,0.9082,0.9187,0.9283,0.9365,0.9435,0.9496
0.9547,0.9593,0.9634,0.9667,0.9699,0.9728,0.9753,0.9775,0.9799,0.9820
0.9837,0.9853,0.9868,0.9880,0.9894,0.9903,0.9913,0.9923,0.9931,0.9940
0.9946,0.9952,0.9958,0.9963,0.9967,0.9971,0.9975,0.9977,0.9980,0.9983
0.9985,0.9987,0.9989,0.9990,0.9991,0.9992,0.9993,0.9994,0.9995,0.9995
0.9996,0.9996,0.9997,0.9997,0.9998,0.9999,1.0000,1.0000,
hwc1u2fract=0.0001,0.0002,0.0003,0.0005,0.0007,0.0008,0.0011,0.0013
0.0016,0.0019,0.0022,0.0026,0.0030,0.0034,0.0040,0.0045,0.0051,0.0057
0.0063,0.0067,0.0073,0.0079,0.0085,0.0092,0.0098,0.0112,0.0141,0.0191
0.0269,0.0380,0.0514,0.0664,0.0843,0.1044,0.1247,0.1467,0.1697,0.1936
0.2185,0.2425,0.2668,0.2915,0.3166,0.3416,0.3664,0.3901,0.4149,0.4389
0.4625,0.4853,0.5083,0.5305,0.5530,0.5750,0.5966,0.6176,0.6379,0.6590
0.6782,0.6970,0.7158,0.7342,0.7520,0.7694,0.7867,0.8036,0.8204,0.8361
0.8510,0.8654,0.8794,0.8929,0.9049,0.9160,0.9260,0.9350,0.9423,0.9485
0.9536,0.9581,0.9623,0.9659,0.9692,0.9722,0.9746,0.9769,0.9788,0.9807
0.9826,0.9842,0.9858,0.9872,0.9885,0.9899,0.9910,0.9920,0.9928,0.9936
0.9945,0.9953,0.9958,0.9963,0.9967,0.9971,0.9975,0.9979,0.9981,0.9984
0.9986,0.9988,0.9990,0.9991,0.9992,0.9993,0.9994,0.9995,0.9996,0.9997
0.9997,0.9998,0.9998,0.9998,0.9999,0.9999,1.0000,1.0000,
hwc1x1fract=0.0001,0.0001,0.0002,0.0003,0.0005,0.0006,0.0009,0.0012
0.0014,0.0018,0.0023,0.0028,0.0034,0.0040,0.0044,0.0049,0.0053,0.0058
0.0063,0.0068,0.0073,0.0077,0.0081,0.0085,0.0090,0.0100,0.0123,0.0163
0.0234,0.0337,0.0463,0.0625,0.0807,0.1005,0.1225,0.1452,0.1687,0.1928
0.2177,0.2413,0.2654,0.2898,0.3143,0.3373,0.3609,0.3846,0.4088,0.4316
0.4543,0.4769,0.4987,0.5203,0.5422,0.5638,0.5852,0.6067,0.6276,0.6473
0.6668,0.6867,0.7060,0.7251,0.7432,0.7613,0.7796,0.7968,0.8136,0.8296
0.8452,0.8604,0.8751,0.8893,0.9024,0.9143,0.9249,0.9341,0.9422,0.9488
0.9547,0.9601,0.9649,0.9689,0.9725,0.9754,0.9785,0.9807,0.9829,0.9851
0.9871,0.9888,0.9904,0.9917,0.9927,0.9936,0.9945,0.9953,0.9962,0.9967
0.9972,0.9976,0.9980,0.9982,0.9985,0.9988,0.9990,0.9991,0.9992,0.9993
0.9994,0.9995,0.9996,0.9996,0.9997,0.9997,0.9997,0.9998,0.9998,0.9998
0.9999,0.9999,0.9999,0.9999,0.9999,0.9999,1.0000,1.0000,
hwc1x2fract=0.0000,0.0001,0.0002,0.0003,0.0005,0.0007,0.0009,0.0013
0.0017,0.0021,0.0025,0.0029,0.0034,0.0039,0.0044,0.0049,0.0055,0.0060
0.0064,0.0068,0.0073,0.0077,0.0081,0.0085,0.0090,0.0101,0.0124,0.0174
0.0255,0.0361,0.0496,0.0659,0.0849,0.1052,0.1266,0.1492,0.1731,0.1969
0.2202,0.2445,0.2695,0.2936,0.3181,0.3427,0.3665,0.3904,0.4132,0.4364
0.4590,0.4808,0.5031,0.5254,0.5468,0.5685,0.5900,0.6106,0.6312,0.6513
0.6712,0.6900,0.7094,0.7286,0.7466,0.7648,0.7825,0.7991,0.8158,0.8326
0.8486,0.8639,0.8790,0.8923,0.9051,0.9168,0.9271,0.9366,0.9442,0.9506
0.9565,0.9615,0.9657,0.9693,0.9724,0.9758,0.9786,0.9811,0.9833,0.9854
0.9875,0.9891,0.9905,0.9918,0.9929,0.9937,0.9945,0.9952,0.9958,0.9962
0.9968,0.9972,0.9976,0.9979,0.9982,0.9985,0.9987,0.9988,0.9990,0.9991
0.9992,0.9993,0.9994,0.9995,0.9996,0.9996,0.9996,0.9997,0.9998,0.9998
0.9998,0.9998,0.9999,0.9999,0.9999,0.9999,1.0000,1.0000,
hwc1v1fract=0.0000,0.0001,0.0002,0.0003,0.0004,0.0006,0.0008,0.0012
0.0016,0.0020,0.0023,0.0027,0.0031,0.0036,0.0041,0.0046,0.0051,0.0056
0.0061,0.0067,0.0072,0.0077,0.0082,0.0088,0.0094,0.0103,0.0120,0.0155
0.0218,0.0308,0.0430,0.0574,0.0735,0.0920,0.1122,0.1339,0.1564,0.1804
0.2042,0.2287,0.2537,0.2785,0.3039,0.3275,0.3509,0.3749,0.3986,0.4219
0.4457,0.4686,0.4920,0.5141,0.5364,0.5585,0.5805,0.6019,0.6228,0.6435
0.6633,0.6824,0.7018,0.7201,0.7386,0.7564,0.7735,0.7902,0.8071,0.8234
0.8394,0.8552,0.8699,0.8838,0.8961,0.9079,0.9189,0.9279,0.9357,0.9427
0.9489,0.9543,0.9588,0.9631,0.9668,0.9698,0.9726,0.9750,0.9772,0.9793
0.9812,0.9831,0.9847,0.9862,0.9874,0.9886,0.9898,0.9908,0.9916,0.9926
0.9934,0.9942,0.9948,0.9954,0.9961,0.9966,0.9970,0.9974,0.9978,0.9980
0.9983,0.9985,0.9987,0.9989,0.9990,0.9991,0.9992,0.9994,0.9995,0.9995
0.9996,0.9997,0.9997,0.9998,0.9999,0.9999,1.0000,1.0000,
hwc1v2fract=0.0001,0.0001,0.0002,0.0003,0.0005,0.0007,0.0010,0.0013
0.0016,0.0019,0.0023,0.0028,0.0032,0.0036,0.0041,0.0046,0.0050,0.0055
0.0060,0.0064,0.0070,0.0076,0.0082,0.0087,0.0095,0.0106,0.0126,0.0170
0.0242,0.0344,0.0468,0.0615,0.0784,0.0973,0.1183,0.1398,0.1628,0.1859
0.2097,0.2346,0.2589,0.2838,0.3086,0.3339,0.3577,0.3813,0.4060,0.4296
0.4526,0.4761,0.4991,0.5219,0.5450,0.5674,0.5897,0.6114,0.6321,0.6520
0.6716,0.6916,0.7103,0.7286,0.7470,0.7652,0.7834,0.8001,0.8168,0.8325
0.8479,0.8625,0.8766,0.8895,0.9022,0.9136,0.9232,0.9324,0.9402,0.9465
0.9521,0.9571,0.9615,0.9654,0.9690,0.9720,0.9746,0.9772,0.9794,0.9813
0.9829,0.9848,0.9863,0.9875,0.9887,0.9899,0.9911,0.9921,0.9930,0.9938
0.9945,0.9951,0.9957,0.9962,0.9968,0.9972,0.9976,0.9979,0.9982,0.9984
0.9987,0.9989,0.9990,0.9991,0.9992,0.9993,0.9994,0.9995,0.9996,0.9996
0.9997,0.9997,0.9998,0.9998,0.9999,0.9999,1.0000,1.0000,
hwc2u1fract=0.0000,0.0000,0.0000,0.0001,0.0001,0.0002,0.0002,0.0002
0.0002,0.0002,0.0003,0.0003,0.0004,0.0004,0.0004,0.0004,0.0004,0.0005
0.0005,0.0005,0.0006,0.0006,0.0007,0.0008,0.0009,0.0015,0.0032,0.0074
0.0145,0.0247,0.0377,0.0532,0.0715,0.0912,0.1127,0.1354,0.1591,0.1837
0.2080,0.2326,0.2576,0.2821,0.3060,0.3304,0.3541,0.3783,0.4022,0.4258
0.4489,0.4716,0.4945,0.5172,0.5393,0.5612,0.5829,0.6038,0.6247,0.6455
0.6663,0.6863,0.7054,0.7241,0.7426,0.7609,0.7790,0.7966,0.8135,0.8303
0.8456,0.8614,0.8764,0.8911,0.9041,0.9158,0.9266,0.9358,0.9437,0.9506
0.9563,0.9611,0.9652,0.9688,0.9722,0.9748,0.9773,0.9794,0.9814,0.9832
0.9851,0.9867,0.9882,0.9895,0.9908,0.9918,0.9926,0.9935,0.9944,0.9952
0.9959,0.9965,0.9971,0.9975,0.9978,0.9981,0.9984,0.9986,0.9988,0.9990
0.9992,0.9993,0.9994,0.9995,0.9995,0.9996,0.9996,0.9997,0.9998,0.9998
0.9998,0.9998,0.9999,0.9999,0.9999,1.0000,1.0000,1.0000,
hwc2u2fract=0.0000,0.0001,0.0001,0.0001,0.0001,0.0002,0.0002,0.0002
0.0002,0.0002,0.0002,0.0002,0.0003,0.0003,0.0003,0.0004,0.0004,0.0004
0.0005,0.0005,0.0005,0.0006,0.0007,0.0007,0.0009,0.0014,0.0027,0.0058
0.0125,0.0216,0.0342,0.0491,0.0667,0.0863,0.1079,0.1296,0.1529,0.1772
0.2003,0.2253,0.2509,0.2759,0.3003,0.3241,0.3480,0.3716,0.3955,0.4194
0.4434,0.4664,0.4891,0.5120,0.5346,0.5565,0.5779,0.5997,0.6202,0.6408
0.6614,0.6814,0.7011,0.7198,0.7392,0.7575,0.7756,0.7933,0.8102,0.8270
0.8433,0.8582,0.8737,0.8884,0.9014,0.9136,0.9243,0.9338,0.9421,0.9493
0.9549,0.9599,0.9643,0.9679,0.9708,0.9738,0.9764,0.9789,0.9810,0.9829
0.9845,0.9860,0.9874,0.9889,0.9901,0.9911,0.9922,0.9932,0.9942,0.9949
0.9957,0.9963,0.9967,0.9972,0.9977,0.9981,0.9984,0.9986,0.9988,0.9990
0.9991,0.9992,0.9993,0.9994,0.9995,0.9995,0.9996,0.9996,0.9997,0.9998
0.9998,0.9998,0.9999,0.9999,1.0000,1.0000,1.0000,1.0000,
hwc2x1fract=0.0000,0.0000,0.0000,0.0000,0.0000,0.0000,0.0001,0.0001
0.0001,0.0001,0.0001,0.0001,0.0001,0.0001,0.0001,0.0002,0.0002,0.0002
0.0002,0.0002,0.0002,0.0002,0.0003,0.0003,0.0006,0.0013,0.0032,0.0077
0.0150,0.0265,0.0414,0.0594,0.0791,0.1011,0.1235,0.1472,0.1707,0.1942
0.2178,0.2415,0.2650,0.2883,0.3120,0.3361,0.3588,0.3816,0.4043,0.4275
0.4508,0.4732,0.4959,0.5182,0.5400,0.5615,0.5831,0.6036,0.6237,0.6440
0.6638,0.6827,0.7022,0.7213,0.7405,0.7595,0.7775,0.7949,0.8122,0.8286
0.8451,0.8606,0.8756,0.8896,0.9024,0.9145,0.9256,0.9355,0.9437,0.9512
0.9575,0.9626,0.9667,0.9704,0.9740,0.9769,0.9795,0.9820,0.9842,0.9863
0.9884,0.9900,0.9912,0.9923,0.9934,0.9943,0.9951,0.9957,0.9964,0.9968
0.9973,0.9976,0.9979,0.9982,0.9985,0.9987,0.9989,0.9991,0.9992,0.9994
0.9994,0.9996,0.9996,0.9997,0.9997,0.9998,0.9998,0.9998,0.9998,0.9999
0.9999,0.9999,0.9999,1.0000,1.0000,1.0000,1.0000,1.0000,
hwc2x2fract=0.0000,0.0000,0.0000,0.0000,0.0000,0.0000,0.0000,0.0000
0.0001,0.0001,0.0001,0.0001,0.0002,0.0002,0.0002,0.0002,0.0002,0.0002
0.0002,0.0003,0.0003,0.0003,0.0004,0.0004,0.0006,0.0013,0.0033,0.0078
0.0159,0.0277,0.0430,0.0606,0.0803,0.1021,0.1249,0.1476,0.1712,0.1950
0.2195,0.2438,0.2682,0.2916,0.3158,0.3396,0.3633,0.3872,0.4101,0.4328
0.4553,0.4776,0.5002,0.5221,0.5435,0.5650,0.5855,0.6055,0.6259,0.6461
0.6656,0.6848,0.7039,0.7223,0.7406,0.7586,0.7767,0.7938,0.8117,0.8290
0.8446,0.8597,0.8744,0.8887,0.9020,0.9144,0.9252,0.9349,0.9432,0.9506
0.9564,0.9621,0.9664,0.9705,0.9739,0.9770,0.9796,0.9819,0.9845,0.9864
0.9884,0.9900,0.9912,0.9924,0.9934,0.9943,0.9951,0.9959,0.9964,0.9969
0.9973,0.9977,0.9980,0.9984,0.9987,0.9989,0.9991,0.9992,0.9993,0.9994
0.9995,0.9996,0.9996,0.9997,0.9997,0.9998,0.9998,0.9998,0.9999,0.9999
0.9999,0.9999,0.9999,0.9999,1.0000,1.0000,1.0000,1.0000,
hwc2v1fract=0.0000,0.0000,0.0000,0.0000,0.0001,0.0001,0.0001,0.0001
0.0001,0.0002,0.0002,0.0003,0.0003,0.0003,0.0003,0.0004,0.0004,0.0004
0.0004,0.0004,0.0005,0.0005,0.0006,0.0007,0.0009,0.0016,0.0039,0.0090
0.0173,0.0289,0.0433,0.0601,0.0787,0.0996,0.1218,0.1444,0.1678,0.1920
0.2166,0.2407,0.2651,0.2889,0.3139,0.3381,0.3614,0.3850,0.4085,0.4319
0.4544,0.4776,0.5002,0.5227,0.5446,0.5661,0.5869,0.6079,0.6287,0.6480
0.6685,0.6879,0.7071,0.7257,0.7437,0.7617,0.7799,0.7966,0.8137,0.8294
0.8459,0.8614,0.8758,0.8899,0.9025,0.9146,0.9249,0.9338,0.9419,0.9489
0.9547,0.9597,0.9642,0.9676,0.9710,0.9739,0.9766,0.9792,0.9814,0.9831
0.9847,0.9864,0.9878,0.9892,0.9906,0.9917,0.9927,0.9936,0.9944,0.9952
0.9958,0.9963,0.9968,0.9973,0.9977,0.9980,0.9983,0.9985,0.9987,0.9988
0.9990,0.9991,0.9992,0.9993,0.9994,0.9995,0.9995,0.9996,0.9997,0.9997
0.9997,0.9998,0.9998,0.9999,0.9999,1.0000,1.0000,1.0000,
hwc2v2fract=0.0000,0.0000,0.0000,0.0001,0.0001,0.0001,0.0001,0.0001
0.0002,0.0002,0.0002,0.0003,0.0003,0.0003,0.0003,0.0004,0.0004,0.0004
0.0004,0.0005,0.0005,0.0005,0.0005,0.0007,0.0010,0.0021,0.0047,0.0098
0.0195,0.0317,0.0468,0.0649,0.0846,0.1064,0.1292,0.1531,0.1769,0.2013
0.2254,0.2506,0.2751,0.2985,0.3223,0.3459,0.3699,0.3933,0.4162,0.4386
0.4613,0.4836,0.5056,0.5272,0.5494,0.5712,0.5927,0.6134,0.6342,0.6543
0.6738,0.6922,0.7111,0.7291,0.7481,0.7662,0.7835,0.8008,0.8165,0.8329
0.8486,0.8631,0.8774,0.8910,0.9036,0.9153,0.9259,0.9352,0.9432,0.9497
0.9552,0.9601,0.9643,0.9677,0.9709,0.9739,0.9767,0.9787,0.9809,0.9828
0.9844,0.9860,0.9874,0.9887,0.9898,0.9910,0.9922,0.9931,0.9940,0.9948
0.9955,0.9961,0.9966,0.9971,0.9974,0.9978,0.9980,0.9983,0.9985,0.9987
0.9989,0.9991,0.9991,0.9993,0.9994,0.9994,0.9995,0.9996,0.9996,0.9997
0.9998,0.9998,0.9998,0.9999,0.9999,0.9999,1.0000,1.0000,
