; For HKS DC test. Adapted from sdriftmap.param
; L.Yuan 06/07/2003
;
; Lookup table for Hall C drift chamber time to distance map.
;
;number of bins in Meek's time to distance lookup table
hdriftbins=126
;number of 1st bin in Meek's table in ns
hdrift1stbin=-50
;bin size in ns of Meek's table
hdriftbinsz=2
;
hwc1u1fract=0.0017,0.0036,0.0057,0.0077,0.0096,0.0116,0.0135,0.0151
0.0169,0.0192,0.0212,0.0236,0.0254,0.0272,0.0295,0.0314,0.0337,0.0358
0.0378,0.0395,0.0411,0.0436,0.0458,0.0486,0.0509,0.0552,0.0609,0.0683
0.0773,0.0882,0.1006,0.1166,0.1324,0.1489,0.1670,0.1835,0.2008,0.2178
0.2346,0.2527,0.2689,0.2864,0.3036,0.3203,0.3374,0.3561,0.3743,0.3923
0.4103,0.4295,0.4478,0.4655,0.4854,0.5055,0.5250,0.5428,0.5604,0.5789
0.5960,0.6130,0.6304,0.6477,0.6643,0.6811,0.6984,0.7147,0.7317,0.7473
0.7638,0.7796,0.7945,0.8083,0.8217,0.8350,0.8456,0.8564,0.8659,0.8743
0.8809,0.8878,0.8933,0.8977,0.9015,0.9057,0.9094,0.9133,0.9165,0.9202
0.9234,0.9267,0.9295,0.9327,0.9356,0.9383,0.9411,0.9438,0.9465,0.9495
0.9523,0.9552,0.9582,0.9606,0.9628,0.9654,0.9676,0.9698,0.9719,0.9739
0.9760,0.9783,0.9809,0.9826,0.9852,0.9872,0.9889,0.9908,0.9929,0.9945
0.9967,0.9985,0.9997,1.0000,1.0000,1.0000,1.0000,1.0000,
hwc1u2fract=0.0018,0.0036,0.0058,0.0080,0.0098,0.0114,0.0136,0.0153
0.0173,0.0188,0.0205,0.0227,0.0244,0.0262,0.0281,0.0297,0.0315,0.0337
0.0357,0.0375,0.0394,0.0412,0.0436,0.0463,0.0496,0.0543,0.0613,0.0705
0.0819,0.0954,0.1107,0.1266,0.1439,0.1605,0.1775,0.1959,0.2137,0.2308
0.2473,0.2660,0.2828,0.2998,0.3170,0.3344,0.3515,0.3688,0.3872,0.4044
0.4219,0.4403,0.4600,0.4776,0.4961,0.5145,0.5322,0.5501,0.5677,0.5855
0.6021,0.6188,0.6358,0.6526,0.6684,0.6856,0.7033,0.7210,0.7384,0.7555
0.7721,0.7874,0.8015,0.8157,0.8288,0.8406,0.8507,0.8607,0.8696,0.8767
0.8829,0.8891,0.8937,0.8983,0.9020,0.9060,0.9095,0.9130,0.9164,0.9200
0.9234,0.9265,0.9295,0.9323,0.9351,0.9380,0.9417,0.9444,0.9470,0.9495
0.9524,0.9550,0.9574,0.9595,0.9622,0.9649,0.9672,0.9690,0.9711,0.9732
0.9757,0.9774,0.9793,0.9818,0.9837,0.9858,0.9881,0.9902,0.9922,0.9944
0.9964,0.9981,0.9996,0.9999,1.0000,1.0000,1.0000,1.0000,
hwc1x1fract=0.0021,0.0044,0.0063,0.0082,0.0104,0.0123,0.0145,0.0169
0.0190,0.0208,0.0233,0.0250,0.0270,0.0287,0.0306,0.0323,0.0346,0.0371
0.0392,0.0412,0.0432,0.0451,0.0471,0.0494,0.0524,0.0566,0.0619,0.0695
0.0782,0.0897,0.1035,0.1187,0.1355,0.1529,0.1688,0.1863,0.2029,0.2199
0.2365,0.2538,0.2708,0.2885,0.3049,0.3221,0.3410,0.3577,0.3743,0.3913
0.4085,0.4252,0.4432,0.4614,0.4785,0.4971,0.5169,0.5340,0.5520,0.5701
0.5887,0.6060,0.6232,0.6417,0.6588,0.6768,0.6930,0.7080,0.7235,0.7393
0.7539,0.7688,0.7833,0.7986,0.8112,0.8231,0.8341,0.8446,0.8534,0.8617
0.8693,0.8755,0.8814,0.8867,0.8919,0.8959,0.9002,0.9052,0.9092,0.9137
0.9170,0.9210,0.9246,0.9281,0.9311,0.9346,0.9379,0.9410,0.9441,0.9470
0.9502,0.9532,0.9559,0.9591,0.9618,0.9644,0.9663,0.9682,0.9705,0.9725
0.9748,0.9773,0.9796,0.9818,0.9843,0.9862,0.9886,0.9909,0.9927,0.9949
0.9966,0.9984,0.9997,0.9999,1.0000,1.0000,1.0000,1.0000,
hwc1x2fract=0.0016,0.0040,0.0057,0.0077,0.0097,0.0118,0.0138,0.0153
0.0173,0.0192,0.0215,0.0239,0.0257,0.0278,0.0296,0.0313,0.0334,0.0353
0.0374,0.0391,0.0412,0.0438,0.0466,0.0496,0.0539,0.0595,0.0663,0.0752
0.0853,0.0962,0.1097,0.1252,0.1424,0.1613,0.1794,0.1963,0.2129,0.2302
0.2467,0.2631,0.2800,0.2987,0.3160,0.3324,0.3494,0.3679,0.3863,0.4045
0.4212,0.4386,0.4576,0.4753,0.4933,0.5112,0.5295,0.5477,0.5651,0.5825
0.6019,0.6200,0.6379,0.6553,0.6721,0.6895,0.7046,0.7208,0.7346,0.7497
0.7650,0.7789,0.7926,0.8052,0.8175,0.8285,0.8392,0.8490,0.8579,0.8669
0.8729,0.8790,0.8849,0.8896,0.8937,0.8978,0.9022,0.9064,0.9100,0.9137
0.9173,0.9213,0.9245,0.9276,0.9307,0.9340,0.9374,0.9411,0.9441,0.9473
0.9502,0.9535,0.9566,0.9595,0.9622,0.9645,0.9672,0.9701,0.9721,0.9745
0.9764,0.9781,0.9801,0.9820,0.9843,0.9866,0.9889,0.9908,0.9927,0.9950
0.9970,0.9985,0.9996,1.0000,1.0000,1.0000,1.0000,1.0000,
hwc1v1fract=0.0019,0.0040,0.0064,0.0083,0.0104,0.0123,0.0139,0.0160
0.0178,0.0198,0.0216,0.0238,0.0255,0.0274,0.0294,0.0311,0.0329,0.0347
0.0365,0.0383,0.0406,0.0425,0.0447,0.0473,0.0499,0.0535,0.0585,0.0656
0.0747,0.0857,0.0992,0.1142,0.1311,0.1470,0.1623,0.1786,0.1952,0.2116
0.2295,0.2451,0.2622,0.2793,0.2952,0.3115,0.3281,0.3456,0.3626,0.3806
0.3993,0.4178,0.4374,0.4561,0.4754,0.4932,0.5107,0.5285,0.5474,0.5659
0.5846,0.6015,0.6197,0.6368,0.6560,0.6736,0.6903,0.7074,0.7252,0.7416
0.7576,0.7732,0.7888,0.8030,0.8162,0.8287,0.8411,0.8526,0.8633,0.8716
0.8796,0.8866,0.8932,0.8984,0.9028,0.9068,0.9113,0.9147,0.9182,0.9213
0.9248,0.9279,0.9309,0.9335,0.9366,0.9396,0.9421,0.9445,0.9473,0.9504
0.9528,0.9551,0.9574,0.9596,0.9624,0.9643,0.9666,0.9691,0.9713,0.9735
0.9757,0.9783,0.9803,0.9827,0.9845,0.9866,0.9884,0.9904,0.9925,0.9946
0.9964,0.9984,0.9997,1.0000,1.0000,1.0000,1.0000,1.0000,
hwc1v2fract=0.0016,0.0033,0.0051,0.0068,0.0086,0.0106,0.0121,0.0139
0.0158,0.0178,0.0199,0.0217,0.0234,0.0254,0.0276,0.0294,0.0313,0.0333
0.0351,0.0369,0.0387,0.0405,0.0426,0.0451,0.0472,0.0503,0.0538,0.0589
0.0646,0.0719,0.0814,0.0933,0.1068,0.1224,0.1364,0.1500,0.1649,0.1788
0.1935,0.2072,0.2224,0.2381,0.2533,0.2696,0.2851,0.3014,0.3180,0.3352
0.3529,0.3707,0.3901,0.4074,0.4268,0.4460,0.4654,0.4835,0.5026,0.5214
0.5420,0.5616,0.5817,0.6016,0.6221,0.6426,0.6610,0.6794,0.6975,0.7141
0.7294,0.7461,0.7621,0.7771,0.7921,0.8058,0.8194,0.8324,0.8440,0.8542
0.8627,0.8713,0.8790,0.8857,0.8918,0.8979,0.9032,0.9080,0.9121,0.9163
0.9210,0.9251,0.9295,0.9335,0.9368,0.9396,0.9430,0.9458,0.9489,0.9515
0.9539,0.9568,0.9592,0.9613,0.9639,0.9659,0.9685,0.9705,0.9723,0.9749
0.9770,0.9787,0.9808,0.9826,0.9848,0.9867,0.9888,0.9905,0.9925,0.9949
0.9968,0.9985,0.9998,1.0000,1.0000,1.0000,1.0000,1.0000,
hwc2u1fract=0.0010,0.0018,0.0029,0.0037,0.0049,0.0061,0.0069,0.0077
0.0087,0.0096,0.0103,0.0113,0.0119,0.0128,0.0137,0.0144,0.0151,0.0156
0.0166,0.0174,0.0183,0.0194,0.0203,0.0215,0.0234,0.0264,0.0305,0.0362
0.0449,0.0566,0.0710,0.0877,0.1061,0.1253,0.1429,0.1618,0.1806,0.2004
0.2177,0.2359,0.2542,0.2729,0.2915,0.3106,0.3293,0.3485,0.3696,0.3895
0.4096,0.4292,0.4489,0.4672,0.4851,0.5042,0.5247,0.5459,0.5664,0.5859
0.6062,0.6265,0.6467,0.6664,0.6842,0.7036,0.7227,0.7415,0.7587,0.7772
0.7949,0.8127,0.8284,0.8435,0.8577,0.8708,0.8834,0.8958,0.9056,0.9139
0.9209,0.9265,0.9307,0.9351,0.9392,0.9433,0.9467,0.9495,0.9518,0.9540
0.9562,0.9585,0.9606,0.9625,0.9650,0.9671,0.9689,0.9706,0.9723,0.9740
0.9756,0.9777,0.9793,0.9813,0.9829,0.9844,0.9857,0.9871,0.9880,0.9890
0.9904,0.9915,0.9928,0.9937,0.9949,0.9961,0.9971,0.9981,0.9990,0.9996
1.0000,1.0000,1.0000,1.0000,1.0000,1.0000,1.0000,1.0000,
hwc2u2fract=0.0007,0.0015,0.0023,0.0031,0.0041,0.0050,0.0057,0.0065
0.0071,0.0080,0.0090,0.0094,0.0102,0.0111,0.0122,0.0131,0.0139,0.0148
0.0154,0.0161,0.0172,0.0182,0.0191,0.0211,0.0232,0.0263,0.0306,0.0372
0.0459,0.0579,0.0729,0.0900,0.1083,0.1284,0.1485,0.1679,0.1861,0.2047
0.2244,0.2441,0.2624,0.2801,0.2995,0.3190,0.3377,0.3583,0.3781,0.3985
0.4198,0.4394,0.4596,0.4799,0.4992,0.5190,0.5398,0.5593,0.5790,0.5982
0.6170,0.6381,0.6574,0.6760,0.6943,0.7109,0.7277,0.7455,0.7639,0.7813
0.7987,0.8146,0.8314,0.8473,0.8615,0.8745,0.8861,0.8960,0.9044,0.9123
0.9192,0.9255,0.9310,0.9351,0.9384,0.9415,0.9448,0.9474,0.9507,0.9534
0.9559,0.9585,0.9609,0.9632,0.9656,0.9675,0.9695,0.9716,0.9733,0.9751
0.9768,0.9785,0.9802,0.9819,0.9837,0.9849,0.9859,0.9871,0.9880,0.9891
0.9903,0.9912,0.9923,0.9933,0.9945,0.9956,0.9965,0.9976,0.9985,0.9994
0.9999,1.0000,1.0000,1.0000,1.0000,1.0000,1.0000,1.0000,
hwc2x1fract=0.0009,0.0013,0.0024,0.0033,0.0039,0.0049,0.0060,0.0069
0.0078,0.0090,0.0097,0.0105,0.0112,0.0119,0.0129,0.0135,0.0142,0.0154
0.0162,0.0170,0.0181,0.0193,0.0204,0.0223,0.0245,0.0280,0.0330,0.0403
0.0508,0.0654,0.0806,0.0995,0.1177,0.1371,0.1563,0.1758,0.1950,0.2144
0.2333,0.2526,0.2720,0.2910,0.3099,0.3279,0.3468,0.3678,0.3884,0.4090
0.4298,0.4518,0.4715,0.4907,0.5103,0.5297,0.5471,0.5665,0.5870,0.6056
0.6229,0.6413,0.6607,0.6785,0.6969,0.7157,0.7350,0.7515,0.7672,0.7837
0.7997,0.8147,0.8295,0.8437,0.8572,0.8695,0.8803,0.8901,0.8987,0.9061
0.9120,0.9174,0.9221,0.9270,0.9309,0.9348,0.9386,0.9422,0.9450,0.9483
0.9513,0.9538,0.9567,0.9598,0.9621,0.9644,0.9668,0.9693,0.9712,0.9734
0.9751,0.9769,0.9784,0.9804,0.9819,0.9832,0.9849,0.9869,0.9880,0.9891
0.9899,0.9910,0.9923,0.9939,0.9950,0.9957,0.9965,0.9977,0.9989,0.9996
0.9999,1.0000,1.0000,1.0000,1.0000,1.0000,1.0000,1.0000,
hwc2x2fract=0.0009,0.0018,0.0027,0.0035,0.0042,0.0052,0.0057,0.0063
0.0068,0.0075,0.0084,0.0095,0.0105,0.0114,0.0122,0.0131,0.0138,0.0148
0.0157,0.0166,0.0174,0.0183,0.0196,0.0220,0.0249,0.0295,0.0355,0.0444
0.0566,0.0726,0.0883,0.1073,0.1247,0.1445,0.1622,0.1808,0.1994,0.2196
0.2384,0.2570,0.2750,0.2938,0.3126,0.3322,0.3528,0.3718,0.3898,0.4111
0.4304,0.4499,0.4694,0.4904,0.5116,0.5320,0.5519,0.5732,0.5922,0.6123
0.6307,0.6493,0.6689,0.6867,0.7058,0.7229,0.7395,0.7562,0.7726,0.7901
0.8075,0.8225,0.8361,0.8489,0.8618,0.8736,0.8845,0.8938,0.9019,0.9092
0.9151,0.9201,0.9249,0.9287,0.9324,0.9358,0.9392,0.9426,0.9460,0.9491
0.9517,0.9548,0.9568,0.9595,0.9626,0.9650,0.9667,0.9688,0.9711,0.9726
0.9744,0.9767,0.9786,0.9803,0.9820,0.9834,0.9848,0.9860,0.9870,0.9884
0.9898,0.9910,0.9925,0.9937,0.9947,0.9957,0.9970,0.9981,0.9991,0.9998
1.0000,1.0000,1.0000,1.0000,1.0000,1.0000,1.0000,1.0000,
hwc2v1fract=0.0009,0.0018,0.0029,0.0041,0.0048,0.0054,0.0060,0.0067
0.0076,0.0084,0.0094,0.0102,0.0111,0.0121,0.0130,0.0135,0.0145,0.0154
0.0162,0.0169,0.0181,0.0190,0.0204,0.0218,0.0239,0.0269,0.0311,0.0374
0.0469,0.0581,0.0726,0.0895,0.1069,0.1261,0.1445,0.1625,0.1792,0.1976
0.2162,0.2360,0.2549,0.2727,0.2906,0.3089,0.3277,0.3477,0.3673,0.3871
0.4063,0.4259,0.4464,0.4657,0.4854,0.5062,0.5257,0.5442,0.5624,0.5816
0.6004,0.6206,0.6409,0.6606,0.6792,0.6982,0.7176,0.7348,0.7528,0.7704
0.7878,0.8053,0.8219,0.8376,0.8515,0.8653,0.8771,0.8885,0.8980,0.9077
0.9148,0.9213,0.9264,0.9315,0.9357,0.9392,0.9424,0.9449,0.9478,0.9510
0.9540,0.9566,0.9594,0.9613,0.9635,0.9657,0.9677,0.9698,0.9721,0.9738
0.9756,0.9774,0.9792,0.9808,0.9821,0.9838,0.9852,0.9866,0.9879,0.9894
0.9905,0.9916,0.9929,0.9939,0.9948,0.9962,0.9969,0.9977,0.9986,0.9994
0.9999,1.0000,1.0000,1.0000,1.0000,1.0000,1.0000,1.0000,
hwc2v2fract=0.0010,0.0018,0.0027,0.0033,0.0040,0.0046,0.0058,0.0069
0.0078,0.0088,0.0097,0.0104,0.0113,0.0125,0.0133,0.0142,0.0153,0.0160
0.0166,0.0175,0.0185,0.0192,0.0203,0.0216,0.0236,0.0259,0.0301,0.0364
0.0460,0.0575,0.0717,0.0883,0.1071,0.1257,0.1452,0.1645,0.1821,0.1999
0.2191,0.2374,0.2557,0.2747,0.2933,0.3123,0.3310,0.3487,0.3689,0.3874
0.4078,0.4272,0.4469,0.4669,0.4866,0.5087,0.5285,0.5488,0.5701,0.5900
0.6097,0.6296,0.6495,0.6676,0.6866,0.7059,0.7243,0.7439,0.7623,0.7798
0.7970,0.8138,0.8292,0.8444,0.8578,0.8706,0.8821,0.8928,0.9027,0.9102
0.9177,0.9239,0.9287,0.9331,0.9367,0.9405,0.9438,0.9465,0.9496,0.9525
0.9549,0.9580,0.9601,0.9622,0.9639,0.9661,0.9685,0.9703,0.9721,0.9736
0.9755,0.9774,0.9790,0.9805,0.9823,0.9841,0.9854,0.9869,0.9880,0.9891
0.9905,0.9917,0.9927,0.9939,0.9950,0.9961,0.9971,0.9979,0.9990,0.9996
1.0000,1.0000,1.0000,1.0000,1.0000,1.0000,1.0000,1.0000,
