; For HKS DC test. Adapted from sdriftmap.param
; L.Yuan 06/07/2003
;
; Lookup table for Hall C drift chamber time to distance map.
;
;number of bins in Meek's time to distance lookup table
hdriftbins=126
;number of 1st bin in Meek's table in ns
hdrift1stbin=-50
;bin size in ns of Meek's table
hdriftbinsz=2
;
hwc1u1fract=0.0000,0.0001,0.0001,0.0002,0.0002,0.0003,0.0004,0.0006
0.0008,0.0011,0.0015,0.0018,0.0021,0.0024,0.0027,0.0030,0.0034,0.0038
0.0041,0.0045,0.0049,0.0053,0.0059,0.0063,0.0069,0.0084,0.0127,0.0193
0.0297,0.0424,0.0578,0.0749,0.0930,0.1138,0.1351,0.1582,0.1812,0.2054
0.2292,0.2529,0.2776,0.3016,0.3259,0.3496,0.3732,0.3964,0.4198,0.4430
0.4659,0.4883,0.5107,0.5336,0.5563,0.5793,0.6014,0.6230,0.6449,0.6652
0.6859,0.7061,0.7266,0.7460,0.7648,0.7844,0.8027,0.8210,0.8376,0.8557
0.8723,0.8879,0.9034,0.9165,0.9288,0.9396,0.9483,0.9561,0.9626,0.9683
0.9730,0.9766,0.9801,0.9830,0.9852,0.9874,0.9894,0.9910,0.9923,0.9938
0.9951,0.9962,0.9968,0.9973,0.9979,0.9982,0.9984,0.9986,0.9989,0.9991
0.9992,0.9993,0.9994,0.9994,0.9994,0.9995,0.9995,0.9995,0.9996,0.9996
0.9996,0.9996,0.9997,0.9997,0.9997,0.9997,0.9998,0.9998,0.9998,0.9998
0.9998,0.9999,0.9999,0.9999,0.9999,0.9999,1.0000,1.0000,
hwc1u2fract=0.0000,0.0000,0.0001,0.0002,0.0003,0.0004,0.0005,0.0007
0.0009,0.0011,0.0015,0.0017,0.0020,0.0023,0.0027,0.0032,0.0035,0.0039
0.0042,0.0046,0.0049,0.0054,0.0058,0.0063,0.0069,0.0082,0.0116,0.0179
0.0277,0.0400,0.0555,0.0713,0.0901,0.1099,0.1316,0.1535,0.1763,0.2000
0.2239,0.2483,0.2723,0.2958,0.3200,0.3436,0.3671,0.3906,0.4143,0.4374
0.4611,0.4846,0.5078,0.5296,0.5521,0.5744,0.5957,0.6169,0.6382,0.6595
0.6795,0.7008,0.7213,0.7408,0.7597,0.7792,0.7979,0.8167,0.8345,0.8514
0.8685,0.8851,0.9003,0.9146,0.9271,0.9381,0.9475,0.9556,0.9622,0.9678
0.9724,0.9764,0.9796,0.9828,0.9852,0.9871,0.9889,0.9907,0.9922,0.9938
0.9952,0.9963,0.9969,0.9974,0.9978,0.9982,0.9985,0.9988,0.9990,0.9991
0.9992,0.9993,0.9994,0.9994,0.9995,0.9995,0.9996,0.9996,0.9997,0.9997
0.9997,0.9997,0.9997,0.9997,0.9998,0.9998,0.9998,0.9998,0.9998,0.9998
0.9999,0.9999,0.9999,0.9999,0.9999,1.0000,1.0000,1.0000,
hwc1x1fract=0.0000,0.0001,0.0001,0.0002,0.0003,0.0003,0.0006,0.0008
0.0010,0.0013,0.0018,0.0022,0.0026,0.0030,0.0034,0.0038,0.0041,0.0045
0.0049,0.0052,0.0056,0.0059,0.0063,0.0066,0.0071,0.0082,0.0110,0.0160
0.0251,0.0367,0.0511,0.0692,0.0880,0.1088,0.1304,0.1528,0.1765,0.2004
0.2239,0.2485,0.2717,0.2967,0.3196,0.3428,0.3659,0.3886,0.4117,0.4343
0.4575,0.4787,0.5008,0.5226,0.5451,0.5657,0.5880,0.6102,0.6320,0.6524
0.6736,0.6938,0.7141,0.7347,0.7545,0.7740,0.7933,0.8124,0.8301,0.8484
0.8660,0.8824,0.8988,0.9136,0.9269,0.9382,0.9481,0.9567,0.9639,0.9696
0.9745,0.9789,0.9820,0.9846,0.9868,0.9888,0.9907,0.9923,0.9939,0.9955
0.9969,0.9979,0.9984,0.9987,0.9989,0.9991,0.9992,0.9993,0.9994,0.9995
0.9995,0.9996,0.9997,0.9997,0.9997,0.9998,0.9998,0.9998,0.9998,0.9998
0.9998,0.9998,0.9998,0.9999,0.9999,0.9999,0.9999,0.9999,0.9999,0.9999
0.9999,0.9999,0.9999,0.9999,1.0000,1.0000,1.0000,1.0000,
hwc1x2fract=0.0000,0.0000,0.0001,0.0001,0.0002,0.0002,0.0004,0.0006
0.0009,0.0013,0.0016,0.0020,0.0024,0.0028,0.0031,0.0034,0.0038,0.0040
0.0043,0.0046,0.0049,0.0052,0.0054,0.0057,0.0062,0.0076,0.0106,0.0164
0.0254,0.0367,0.0514,0.0683,0.0878,0.1080,0.1303,0.1533,0.1767,0.2007
0.2242,0.2482,0.2716,0.2956,0.3191,0.3429,0.3661,0.3904,0.4143,0.4380
0.4606,0.4827,0.5051,0.5263,0.5472,0.5686,0.5901,0.6113,0.6326,0.6536
0.6740,0.6949,0.7144,0.7345,0.7547,0.7739,0.7928,0.8113,0.8297,0.8476
0.8649,0.8816,0.8973,0.9122,0.9251,0.9374,0.9480,0.9563,0.9634,0.9692
0.9741,0.9778,0.9814,0.9845,0.9870,0.9893,0.9911,0.9927,0.9940,0.9953
0.9966,0.9977,0.9981,0.9985,0.9988,0.9990,0.9992,0.9993,0.9994,0.9994
0.9995,0.9996,0.9996,0.9997,0.9997,0.9997,0.9997,0.9997,0.9998,0.9998
0.9998,0.9998,0.9998,0.9998,0.9998,0.9998,0.9999,0.9999,0.9999,0.9999
0.9999,0.9999,0.9999,0.9999,1.0000,1.0000,1.0000,1.0000,
hwc1v1fract=0.0000,0.0000,0.0001,0.0002,0.0003,0.0003,0.0005,0.0006
0.0008,0.0010,0.0012,0.0014,0.0017,0.0021,0.0024,0.0027,0.0031,0.0035
0.0040,0.0043,0.0046,0.0051,0.0055,0.0058,0.0061,0.0070,0.0090,0.0135
0.0207,0.0324,0.0460,0.0624,0.0808,0.1004,0.1212,0.1431,0.1666,0.1904
0.2134,0.2368,0.2612,0.2848,0.3076,0.3313,0.3550,0.3784,0.4023,0.4255
0.4499,0.4730,0.4959,0.5184,0.5411,0.5629,0.5846,0.6060,0.6276,0.6490
0.6693,0.6896,0.7102,0.7301,0.7495,0.7679,0.7869,0.8046,0.8229,0.8412
0.8591,0.8750,0.8916,0.9061,0.9196,0.9313,0.9419,0.9510,0.9580,0.9639
0.9694,0.9738,0.9776,0.9809,0.9836,0.9860,0.9881,0.9900,0.9916,0.9929
0.9941,0.9954,0.9963,0.9968,0.9973,0.9977,0.9982,0.9984,0.9988,0.9990
0.9992,0.9994,0.9994,0.9995,0.9996,0.9996,0.9996,0.9996,0.9996,0.9997
0.9997,0.9997,0.9997,0.9998,0.9998,0.9998,0.9998,0.9998,0.9998,0.9999
0.9999,0.9999,0.9999,0.9999,0.9999,1.0000,1.0000,1.0000,
hwc1v2fract=0.0000,0.0001,0.0002,0.0002,0.0003,0.0005,0.0006,0.0007
0.0010,0.0012,0.0014,0.0016,0.0020,0.0022,0.0026,0.0029,0.0032,0.0038
0.0041,0.0045,0.0048,0.0051,0.0056,0.0059,0.0065,0.0076,0.0100,0.0140
0.0210,0.0305,0.0425,0.0576,0.0755,0.0940,0.1143,0.1363,0.1583,0.1813
0.2057,0.2285,0.2533,0.2775,0.3015,0.3252,0.3486,0.3725,0.3957,0.4181
0.4416,0.4651,0.4886,0.5108,0.5331,0.5549,0.5777,0.5995,0.6205,0.6412
0.6625,0.6832,0.7038,0.7238,0.7430,0.7625,0.7814,0.8002,0.8187,0.8368
0.8542,0.8703,0.8862,0.9009,0.9145,0.9268,0.9378,0.9467,0.9547,0.9615
0.9674,0.9721,0.9762,0.9800,0.9828,0.9853,0.9874,0.9891,0.9913,0.9927
0.9940,0.9953,0.9962,0.9968,0.9974,0.9979,0.9982,0.9986,0.9987,0.9989
0.9992,0.9993,0.9994,0.9994,0.9995,0.9996,0.9996,0.9996,0.9997,0.9997
0.9997,0.9997,0.9997,0.9997,0.9997,0.9998,0.9998,0.9998,0.9998,0.9998
0.9999,0.9999,0.9999,0.9999,1.0000,1.0000,1.0000,1.0000,
hwc2u1fract=0.0000,0.0000,0.0000,0.0000,0.0000,0.0001,0.0001,0.0001
0.0001,0.0001,0.0001,0.0001,0.0001,0.0001,0.0001,0.0002,0.0002,0.0002
0.0002,0.0002,0.0002,0.0002,0.0003,0.0003,0.0005,0.0011,0.0034,0.0085
0.0170,0.0289,0.0437,0.0607,0.0787,0.0986,0.1198,0.1418,0.1650,0.1883
0.2132,0.2373,0.2614,0.2852,0.3093,0.3327,0.3564,0.3803,0.4044,0.4271
0.4503,0.4727,0.4958,0.5184,0.5404,0.5622,0.5843,0.6059,0.6279,0.6493
0.6704,0.6906,0.7102,0.7303,0.7503,0.7696,0.7893,0.8080,0.8265,0.8448
0.8631,0.8800,0.8964,0.9111,0.9243,0.9364,0.9466,0.9555,0.9629,0.9691
0.9742,0.9782,0.9813,0.9842,0.9866,0.9889,0.9907,0.9923,0.9938,0.9950
0.9960,0.9971,0.9976,0.9983,0.9986,0.9989,0.9991,0.9993,0.9993,0.9995
0.9997,0.9997,0.9997,0.9998,0.9998,0.9998,0.9998,0.9999,0.9999,0.9999
0.9999,0.9999,0.9999,0.9999,0.9999,0.9999,0.9999,0.9999,0.9999,0.9999
1.0000,1.0000,1.0000,1.0000,1.0000,1.0000,1.0000,1.0000,
hwc2u2fract=0.0000,0.0000,0.0000,0.0001,0.0001,0.0001,0.0001,0.0001
0.0001,0.0001,0.0001,0.0002,0.0002,0.0002,0.0002,0.0002,0.0002,0.0002
0.0002,0.0002,0.0002,0.0002,0.0003,0.0003,0.0004,0.0010,0.0024,0.0064
0.0133,0.0227,0.0351,0.0504,0.0679,0.0879,0.1092,0.1311,0.1541,0.1770
0.2006,0.2245,0.2478,0.2713,0.2960,0.3196,0.3436,0.3677,0.3911,0.4137
0.4367,0.4602,0.4823,0.5048,0.5275,0.5501,0.5727,0.5951,0.6172,0.6384
0.6598,0.6801,0.7011,0.7220,0.7425,0.7621,0.7824,0.8023,0.8216,0.8405
0.8573,0.8742,0.8908,0.9059,0.9196,0.9313,0.9421,0.9516,0.9593,0.9658
0.9710,0.9751,0.9788,0.9821,0.9848,0.9872,0.9894,0.9912,0.9929,0.9941
0.9954,0.9963,0.9970,0.9976,0.9981,0.9985,0.9989,0.9992,0.9994,0.9994
0.9995,0.9995,0.9996,0.9996,0.9997,0.9997,0.9997,0.9998,0.9998,0.9998
0.9998,0.9998,0.9999,0.9999,0.9999,0.9999,0.9999,0.9999,0.9999,0.9999
1.0000,1.0000,1.0000,1.0000,1.0000,1.0000,1.0000,1.0000,
hwc2x1fract=0.0000,0.0000,0.0000,0.0000,0.0000,0.0000,0.0001,0.0001
0.0001,0.0001,0.0001,0.0001,0.0001,0.0001,0.0001,0.0001,0.0001,0.0001
0.0001,0.0001,0.0001,0.0002,0.0002,0.0002,0.0004,0.0010,0.0029,0.0071
0.0151,0.0264,0.0413,0.0582,0.0770,0.0976,0.1190,0.1413,0.1647,0.1885
0.2133,0.2376,0.2623,0.2858,0.3086,0.3321,0.3550,0.3786,0.4020,0.4250
0.4472,0.4703,0.4923,0.5150,0.5367,0.5577,0.5788,0.6008,0.6221,0.6440
0.6653,0.6864,0.7071,0.7283,0.7481,0.7674,0.7860,0.8053,0.8241,0.8415
0.8595,0.8766,0.8930,0.9083,0.9221,0.9343,0.9454,0.9541,0.9620,0.9682
0.9732,0.9773,0.9807,0.9836,0.9861,0.9882,0.9904,0.9922,0.9939,0.9953
0.9965,0.9973,0.9978,0.9984,0.9986,0.9989,0.9991,0.9993,0.9994,0.9995
0.9996,0.9997,0.9997,0.9998,0.9998,0.9998,0.9998,0.9999,0.9999,0.9999
0.9999,0.9999,0.9999,0.9999,0.9999,1.0000,1.0000,1.0000,1.0000,1.0000
1.0000,1.0000,1.0000,1.0000,1.0000,1.0000,1.0000,1.0000,
hwc2x2fract=0.0000,0.0000,0.0000,0.0000,0.0000,0.0000,0.0000,0.0000
0.0000,0.0000,0.0001,0.0001,0.0001,0.0001,0.0001,0.0001,0.0001,0.0001
0.0001,0.0001,0.0001,0.0001,0.0001,0.0001,0.0004,0.0012,0.0035,0.0094
0.0181,0.0318,0.0474,0.0650,0.0859,0.1078,0.1301,0.1529,0.1753,0.1992
0.2228,0.2462,0.2712,0.2952,0.3182,0.3414,0.3632,0.3860,0.4083,0.4306
0.4537,0.4763,0.4984,0.5198,0.5426,0.5648,0.5864,0.6077,0.6283,0.6493
0.6699,0.6906,0.7103,0.7298,0.7497,0.7690,0.7882,0.8071,0.8256,0.8438
0.8613,0.8778,0.8945,0.9098,0.9238,0.9368,0.9470,0.9557,0.9630,0.9691
0.9742,0.9778,0.9814,0.9846,0.9869,0.9892,0.9910,0.9927,0.9943,0.9959
0.9971,0.9980,0.9986,0.9988,0.9991,0.9994,0.9995,0.9996,0.9997,0.9997
0.9997,0.9997,0.9997,0.9998,0.9998,0.9998,0.9999,0.9999,0.9999,0.9999
0.9999,0.9999,1.0000,1.0000,1.0000,1.0000,1.0000,1.0000,1.0000,1.0000
1.0000,1.0000,1.0000,1.0000,1.0000,1.0000,1.0000,1.0000,
hwc2v1fract=0.0000,0.0000,0.0000,0.0000,0.0000,0.0001,0.0001,0.0001
0.0001,0.0001,0.0001,0.0001,0.0001,0.0001,0.0001,0.0001,0.0002,0.0002
0.0002,0.0002,0.0002,0.0002,0.0003,0.0003,0.0006,0.0015,0.0043,0.0098
0.0189,0.0312,0.0474,0.0653,0.0857,0.1072,0.1286,0.1511,0.1740,0.1980
0.2215,0.2453,0.2685,0.2917,0.3151,0.3382,0.3617,0.3857,0.4093,0.4329
0.4557,0.4784,0.5011,0.5246,0.5462,0.5685,0.5895,0.6108,0.6328,0.6541
0.6745,0.6951,0.7146,0.7341,0.7531,0.7720,0.7916,0.8099,0.8280,0.8454
0.8624,0.8786,0.8939,0.9086,0.9219,0.9341,0.9438,0.9523,0.9598,0.9658
0.9709,0.9753,0.9788,0.9818,0.9844,0.9868,0.9887,0.9903,0.9919,0.9933
0.9946,0.9958,0.9966,0.9971,0.9976,0.9980,0.9983,0.9986,0.9990,0.9992
0.9993,0.9995,0.9995,0.9996,0.9997,0.9997,0.9997,0.9998,0.9998,0.9998
0.9998,0.9998,0.9999,0.9999,0.9999,0.9999,0.9999,0.9999,0.9999,0.9999
0.9999,0.9999,0.9999,0.9999,1.0000,1.0000,1.0000,1.0000,
hwc2v2fract=0.0000,0.0000,0.0000,0.0000,0.0000,0.0001,0.0001,0.0001
0.0001,0.0001,0.0001,0.0001,0.0001,0.0001,0.0002,0.0002,0.0002,0.0002
0.0002,0.0002,0.0002,0.0003,0.0003,0.0003,0.0006,0.0017,0.0040,0.0095
0.0191,0.0306,0.0458,0.0632,0.0825,0.1046,0.1270,0.1491,0.1716,0.1941
0.2184,0.2422,0.2657,0.2892,0.3120,0.3348,0.3575,0.3801,0.4035,0.4265
0.4489,0.4712,0.4950,0.5177,0.5397,0.5628,0.5850,0.6061,0.6273,0.6486
0.6692,0.6903,0.7099,0.7287,0.7482,0.7675,0.7858,0.8055,0.8234,0.8407
0.8575,0.8741,0.8900,0.9048,0.9184,0.9305,0.9403,0.9493,0.9561,0.9627
0.9683,0.9729,0.9766,0.9799,0.9829,0.9854,0.9874,0.9895,0.9910,0.9928
0.9941,0.9954,0.9962,0.9971,0.9978,0.9982,0.9985,0.9988,0.9990,0.9993
0.9994,0.9995,0.9996,0.9997,0.9997,0.9997,0.9998,0.9998,0.9998,0.9999
0.9999,0.9999,0.9999,0.9999,0.9999,0.9999,0.9999,1.0000,1.0000,1.0000
1.0000,1.0000,1.0000,1.0000,1.0000,1.0000,1.0000,1.0000,
