; center of allowed time window      

   hstart_time_center = 15.                                       
                                 
   h1start_time_center=-71.46
   h2start_time_center=-67.81
; 1/2 width of time window                             

   hstart_time_slop = 30.

   hscin_adc_min = 0
;   hscin_adc_max = 8192
   hscin_adc_max = 10000
   hscin_tdc_min = 10000
   hscin_tdc_max = 50000
;   hscin_tdc_min = 18000
;   hscin_tdc_max = 20500

   hscin_tdc_to_time = 0.0566
                                                                               
;;; All the following taken from hhodo.param                                   
; hks_tof_params                                                               
 
 hnum_scin_counters=17, 9, 18, 1              
; are all calculated within h_init_scin                                
;    hhodo_pos_coord and hhodo_neg_coord are not yet used                
;                                                                            
     hscin_slope     =   2.0,  1.0,  3.0, 1.0
;                                                                      
; Updated from HKS run 55677        L.Y. 06/26/05   
     hscin_vel_light =   14.5, 15.0, 14.5, 14.5              
                         14.5, 15.0, 14.5, 14.5                    
                         14.5, 15.0, 14.5, 14.5                   
                         14.5, 15.0, 14.5, 14.5              
                         14.5, 15.0, 14.5, 14.5                    
                         14.5, 15.0, 14.5, 14.5                   
                         14.5, 15.0, 14.5, 14.5                    
                         14.5, 15.0, 14.5, 14.5                   
                         14.5, 15.0, 14.5, 14.5              
                         14.5, 15.0, 14.5, 14.5                    
                         14.5, 15.0, 14.5, 14.5   
                         14.5, 15.0, 14.5, 14.5                    
                         14.5, 15.0, 14.5, 14.5                   
                         14.5, 15.0, 14.5, 14.5              
                         14.5, 15.0, 14.5, 14.5                    
                         14.5, 15.0, 14.5, 14.5   
                         14.5, 15.0, 14.5, 14.5                    
                         14.5, 15.0, 14.5, 14.5  
;                                                                              
      hscin_pos_sigma = .3, 5.,.3, 5.

;                                                                              
      hscin_neg_sigma = .3, 5.,.3, 5.

;
hscin_pos_minph =   0.0,   0.0,   0.0,   0.0
                    0.0,   0.0,   0.0,   0.0
                    0.0,   0.0,   0.0,   0.0
                    0.0,   0.0,   0.0,   0.0
                    0.0,   0.0,   0.0,   0.0
                    0.0,   0.0,   0.0,   0.0
                    0.0,   0.0,   0.0,   0.0
                    0.0,   0.0,   0.0,   0.0
                    0.0,   0.0,   0.0,   0.0
                    0.0,   0.0,   0.0,   0.0
                    0.0,   0.0,   0.0,   0.0
                    0.0,   0.0,   0.0,   0.0
                    0.0,   0.0,   0.0,   0.0
                    0.0,   0.0,   0.0,   0.0
                    0.0,   0.0,   0.0,   0.0
                    0.0,   0.0,   0.0,   0.0
                    0.0,  -2.0,   0.0,   0.0
                    0.0,   0.0,   0.0,   0.0
hscin_neg_minph =   0.0,   0.0,   0.0,   0.0
                    0.0,   0.0,   0.0,   0.0
                    0.0,   0.0,   0.0,   0.0
                    0.0,   0.0,   0.0,   0.0
                    0.0,   0.1,   0.0,   0.0
                    0.1,   0.0,   0.0,   0.0
                    0.0,   0.0,   0.0,   0.0
                    0.0,   0.0,   0.0,   0.0
                    0.0,   0.0,   0.0,   0.0
                    0.0,   0.0,   0.0,   0.0
                    0.0,   0.0,   0.0,   0.0
                    0.0,   0.0,   4.7,   4.7
                    0.0,   0.0,   0.0,   0.0
                    0.0,  -2.0,   0.0,   0.0
                    0.0,   0.0,   0.0,   0.0
                    0.0,   0.0,   0.0,   0.0
                    0.0,   0.0,   0.0,   0.0
                    0.0,   0.0,   0.0,   0.0
hscin_pos_phc_coeff = 
3.165e+02, 1.140e+03,  1.491e+03, 2.370e+03
-3.324e+01, 1.672e+03,  1.286e+03, 0.000e+00
4.439e+02, 2.000e+03,  8.022e+02, 0.000e+00
2.842e+02, 1.669e+03,  1.032e+03, 0.000e+00
3.721e+02, 2.267e+03,  1.025e+03, 0.000e+00
6.103e+02, 1.203e+03,  1.150e+03, 0.000e+00
3.541e+02, 9.517e+02,  1.364e+03, 0.000e+00
4.016e+02, 1.202e+03,  1.434e+03, 0.000e+00
5.130e+02, 1.657e+03,  1.967e+03, 0.000e+00
2.673e+02, 0.000e+00,  1.366e+03, 0.000e+00
6.047e+01, 0.000e+00,  6.896e+02, 0.000e+00
7.921e+00, 0.000e+00,  1.082e+03, 0.000e+00
3.120e+01, 0.000e+00,  9.249e+02, 0.000e+00
2.054e+02, 0.000e+00,  1.497e+03, 0.000e+00
8.813e+02, 0.000e+00,  1.287e+03, 0.000e+00
3.071e+02, 0.000e+00,  3.132e+02, 0.000e+00
-1.054e+02, 0.000e+00,  7.450e+02, 0.000e+00
0.000e+00, 0.000e+00,  8.208e+02, 0.000e+00

hscin_neg_phc_coeff  = 
8.836e+02, 1.609e+03, 1.373e+03, 2.418e+03
6.089e+02, 1.773e+03, 1.700e+03, 0.000e+00
4.761e+02, 1.331e+03, 1.058e+03, 0.000e+00
7.374e+02, 1.169e+03, 1.213e+03, 0.000e+00
5.391e+02, 2.073e+03, 1.216e+03, 0.000e+00
3.808e+02, 1.704e+03, 1.531e+03, 0.000e+00
1.475e+02, 2.271e+03, 1.674e+03, 0.000e+00
5.256e+01, 1.968e+03, 1.603e+03, 0.000e+00
1.255e+01, 2.547e+03, 1.454e+03, 0.000e+00
4.051e+02, 0.000e+00, 1.377e+03, 0.000e+00
7.642e+02, 0.000e+00, 5.267e+02, 0.000e+00
7.054e+02, 0.000e+00, 1.345e+03, 0.000e+00
9.719e+01, 0.000e+00, 1.052e+03, 0.000e+00
5.327e+02, 0.000e+00, 1.287e+03, 0.000e+00
2.306e+02, 0.000e+00, 1.503e+03, 0.000e+00
1.020e+02, 0.000e+00, 5.963e+02, 0.000e+00
1.756e+03, 0.000e+00, 9.711e+02, 0.000e+00
0.000e+00, 0.000e+00, 9.457e+02, 0.000e+00

hscin_pos_time_offset = 
  19915.5762,  20075.3008,  20107.0273,  20169.3008
  19917.3789,  20054.5   ,  20140.8262,  0
  19905.6816,  20086.1992,  20190.1641,  0
  19928.3105,  20135.5   ,  20163.5254,  0
  19881.8418,  19933.4004,  20192.5488,  0
  19919.8047,  20054.5   ,  20047.3203,  0
  19919.0703,  19835.5996,  20060.0742,  0
  19881.6367,  19945.6992,  20043.623 ,  0
  19927.7402,  19828.    ,  20091.4316,  0
  19931.4316,  0.        ,  20094.0273,  0
  19995.2754,  0.        ,  20079.2383,  0
  19901.8398,  0.        ,  20084.6582,  0
  20067.5332,  0.        ,  20142.6348,  0
  19908.9629,  0.        ,  20150.1895,  0
  19837.248 ,  0.        ,  20120.332 ,  0
  19890.5645,  0.        ,  20143.4434,  0
  19982.5   ,  0.        ,  20161.6816,  0
  0.        ,  0.        ,  20131.7852,  0

hscin_neg_time_offset =  
  19839.1758,  19866.6992,  20085.7266,  20162.3008
  19818.8789,  19913.    ,  20036.9258,  0
  19842.1816,  19876.8008,  20215.8633,  0
  19838.4102,  19872.9004,  20113.7266,  0
  19810.043 ,  19903.0996,  20219.748 ,  0
  19869.8047,  19986.1992,  20094.918 ,  0
  19928.9727,  20087.1992,  20080.6758,  0
  19891.2383,  19923.    ,  20068.123 ,  0
  19851.9395,  19764.4004,  20173.4336,  0
  19855.1309,  0.        ,  20129.5293,  0
  19850.6758,  0.        ,  20138.0371,  0
  19808.2383,  0.        ,  20102.6582,  0
  20014.0332,  0.        ,  20083.2363,  0
  19925.3633,  0.        ,  20102.0898,  0
  19949.4492,  0.        ,  20147.0312,  0
  20052.4629,  0.        ,  20190.4434,  0
  19971.2988,  0.        ,  20168.582 ,  0
  0.        ,  0.        ,  20145.2852,  0
;;                                                                   
  hscin_pos_ped_limit = 0,0,0,0
                        0,0,0,0
                        0,0,0,0
                        0,0,0,0
                        0,0,0,0
                        0,0,0,0
                        0,0,0,0
                        0,0,0,0
                        0,0,0,0
                        0,0,0,0
                        0,0,0,0
                        0,0,0,0
                        0,0,0,0
                        0,0,0,0
                        0,0,0,0
                        0,0,0,0
                        0,0,0,0
                        0,0,0,0

;                                                                             
  hscin_neg_ped_limit = 0,0,0,0               
                        0,0,0,0               
                        0,0,0,0
                        0,0,0,0
                        0,0,0,0
                        0,0,0,0
                        0,0,0,0
                        0,0,0,0
                        0,0,0,0
                        0,0,0,0
                        0,0,0,0
                        0,0,0,0
                        0,0,0,0
                        0,0,0,0
                        0,0,0,0
                        0,0,0,0
                        0,0,0,0
                        0,0,0,0

hscin_f1tdc_gate_width = 64937                                      
                                    
