; center of allowed time window      

   hstart_time_center = 15.                                       
                                
   h1start_time_center=-71.46
   h2start_time_center=-67.81
; 1/2 width of time window                             

   hstart_time_slop = 30.

   hscin_adc_min = 0
   hscin_adc_max = 8192
   hscin_tdc_min = 10000
   hscin_tdc_max = 50000
;   hscin_tdc_min = 18000
;   hscin_tdc_max = 20500

   hscin_tdc_to_time = 0.0566
                                                                               
;;; All the following taken from hhodo.param                                   
; hks_tof_params                                                               
 
 hnum_scin_counters=17, 9, 18, 1              
; are all calculated within h_init_scin                                
;    hhodo_pos_coord and hhodo_neg_coord are not yet used                
;                                                                            
     hscin_slope     =   2.0,  1.0,  3.0, 1.0
;                                                                      
; Updated from HKS run 55677        L.Y. 06/26/05   
     hscin_vel_light =   14.5, 15.0, 14.5, 14.5              
                         14.5, 15.0, 14.5, 14.5                    
                         14.5, 15.0, 14.5, 14.5                   
                         14.5, 15.0, 14.5, 14.5              
                         14.5, 15.0, 14.5, 14.5                    
                         14.5, 15.0, 14.5, 14.5                   
                         14.5, 15.0, 14.5, 14.5                    
                         14.5, 15.0, 14.5, 14.5                   
                         14.5, 15.0, 14.5, 14.5              
                         14.5, 15.0, 14.5, 14.5                    
                         14.5, 15.0, 14.5, 14.5   
                         14.5, 15.0, 14.5, 14.5                    
                         14.5, 15.0, 14.5, 14.5                   
                         14.5, 15.0, 14.5, 14.5              
                         14.5, 15.0, 14.5, 14.5                    
                         14.5, 15.0, 14.5, 14.5   
                         14.5, 15.0, 14.5, 14.5                    
                         14.5, 15.0, 14.5, 14.5  
;                                                                              
      hscin_pos_sigma = .3, 5.,.3, 5.

;                                                                              
      hscin_neg_sigma = .3, 5.,.3, 5.

;
hscin_pos_minph =   0.0,   0.0,   0.0,   0.0
                    0.0,   0.0,   0.0,   0.0
                    0.0,   0.0,   0.0,   0.0
                    0.0,   0.0,   0.0,   0.0
                    0.0,   0.0,   0.0,   0.0
                    0.0,   0.0,   0.0,   0.0
                    0.0,   0.0,   0.0,   0.0
                    0.0,   0.0,   0.0,   0.0
                    0.0,   0.0,   0.0,   0.0
                    0.0,   0.0,   0.0,   0.0
                    0.0,   0.0,   0.0,   0.0
                    0.0,   0.0,   0.0,   0.0
                    0.0,   0.0,   0.0,   0.0
                    0.0,   0.0,   0.0,   0.0
                    0.0,   0.0,   0.0,   0.0
                    0.0,   0.0,   0.0,   0.0
                    0.0,  -2.0,   0.0,   0.0
                    0.0,   0.0,   0.0,   0.0
hscin_neg_minph =   0.0,   0.0,   0.0,   0.0
                    0.0,   0.0,   0.0,   0.0
                    0.0,   0.0,   0.0,   0.0
                    0.0,   0.0,   0.0,   0.0
                    0.0,   0.1,   0.0,   0.0
                    0.1,   0.0,   0.0,   0.0
                    0.0,   0.0,   0.0,   0.0
                    0.0,   0.0,   0.0,   0.0
                    0.0,   0.0,   0.0,   0.0
                    0.0,   0.0,   0.0,   0.0
                    0.0,   0.0,   0.0,   0.0
                    0.0,   0.0,   4.7,   4.7
                    0.0,   0.0,   0.0,   0.0
                    0.0,  -2.0,   0.0,   0.0
                    0.0,   0.0,   0.0,   0.0
                    0.0,   0.0,   0.0,   0.0
                    0.0,   0.0,   0.0,   0.0
                    0.0,   0.0,   0.0,   0.0
hscin_pos_phc_coeff = 
-1.052e+01, 1.128e+02,  2.576e+03, -4.434e+02
-3.359e+01, 1.972e+02,  1.898e+02, 0.000e+00
2.466e+02, 1.583e+02,  1.949e+02, 0.000e+00
6.298e+01, 1.294e+02,  8.918e+02, 0.000e+00
1.106e+02, 7.260e+02,  2.373e+01, 0.000e+00
4.368e+01, 2.740e+02,  4.626e+02, 0.000e+00
3.379e+01, -1.539e+02,  8.362e+02, 0.000e+00
5.213e+02, 8.000e+02,  1.447e+03, 0.000e+00
6.185e+01, 1.501e+03,  9.475e+02, 0.000e+00
1.383e+02, 0.000e+00,  1.135e+03, 0.000e+00
-1.173e+01, 0.000e+00,  5.911e+02, 0.000e+00
2.356e-01, 0.000e+00,  7.741e+02, 0.000e+00
2.323e+02, 0.000e+00,  7.733e+02, 0.000e+00
8.489e+00, 0.000e+00,  8.325e+02, 0.000e+00
4.978e+02, 0.000e+00,  7.627e+02, 0.000e+00
6.877e+02, 0.000e+00,  1.380e+03, 0.000e+00
-1.180e+01, 0.000e+00,  1.164e+02, 0.000e+00
0.000e+00, 0.000e+00,  5.826e+02, 0.000e+00

hscin_neg_phc_coeff  = 
3.950e+02, 7.938e+02, 7.450e+02, 1.245e+03
7.223e+02, 9.092e+02, 1.210e+03, 0.000e+00
2.101e+02, 4.713e+02, -1.975e+00, 0.000e+00
5.324e+02, 7.628e+02, 7.284e+02, 0.000e+00
2.972e+02, 1.843e+03, 2.669e+02, 0.000e+00
1.910e+02, 6.065e+02, 5.119e+02, 0.000e+00
6.298e+01, 2.776e+02, 5.574e+02, 0.000e+00
-3.200e+01, 1.972e+03, 6.094e+02, 0.000e+00
-7.050e+01, 1.702e+03, 5.018e+02, 0.000e+00
6.788e+02, 0.000e+00, 7.254e+02, 0.000e+00
1.197e+03, 0.000e+00, 5.971e+02, 0.000e+00
9.236e+02, 0.000e+00, 1.025e+03, 0.000e+00
1.520e+03, 0.000e+00, 6.830e+02, 0.000e+00
5.998e+02, 0.000e+00, 8.307e+02, 0.000e+00
3.004e+01, 0.000e+00, 8.932e+02, 0.000e+00
8.979e+01, 0.000e+00, -1.353e+03, 0.000e+00
7.488e+02, 0.000e+00, 5.315e+02, 0.000e+00
0.000e+00, 0.000e+00, 1.073e+03, 0.000e+00

hscin_pos_time_offset = 
  19915.5762,  20075.3008,  20107.0273,  20169.3008
  19917.3789,  20054.5   ,  20140.8262,  0
  19905.6816,  20086.1992,  20190.1641,  0
  19928.3105,  20135.5   ,  20163.5254,  0
  19881.8418,  19933.4004,  20192.5488,  0
  19919.8047,  20054.5   ,  20047.3203,  0
  19919.0703,  19835.5996,  20060.0742,  0
  19881.6367,  19945.6992,  20043.623 ,  0
  19927.7402,  19828.    ,  20091.4316,  0
  19931.4316,  0.        ,  20094.0273,  0
  19995.2754,  0.        ,  20079.2383,  0
  19901.8398,  0.        ,  20084.6582,  0
  20067.5332,  0.        ,  20142.6348,  0
  19908.9629,  0.        ,  20150.1895,  0
  19837.248 ,  0.        ,  20120.332 ,  0
  19890.5645,  0.        ,  20143.4434,  0
  19982.5   ,  0.        ,  20161.6816,  0
  0.        ,  0.        ,  20131.7852,  0

hscin_neg_time_offset =  
  19839.1758,  19866.6992,  20085.7266,  20162.3008
  19818.8789,  19913.    ,  20036.9258,  0
  19842.1816,  19876.8008,  20215.8633,  0
  19838.4102,  19872.9004,  20113.7266,  0
  19810.043 ,  19903.0996,  20219.748 ,  0
  19869.8047,  19986.1992,  20094.918 ,  0
  19928.9727,  20087.1992,  20080.6758,  0
  19891.2383,  19923.    ,  20068.123 ,  0
  19851.9395,  19764.4004,  20173.4336,  0
  19855.1309,  0.        ,  20129.5293,  0
  19850.6758,  0.        ,  20138.0371,  0
  19808.2383,  0.        ,  20102.6582,  0
  20014.0332,  0.        ,  20083.2363,  0
  19925.3633,  0.        ,  20102.0898,  0
  19949.4492,  0.        ,  20147.0312,  0
  20052.4629,  0.        ,  20190.4434,  0
  19971.2988,  0.        ,  20168.582 ,  0
  0.        ,  0.        ,  20145.2852,  0
;;                                                                   
  hscin_pos_ped_limit = 0,0,0,0
                        0,0,0,0
                        0,0,0,0
                        0,0,0,0
                        0,0,0,0
                        0,0,0,0
                        0,0,0,0
                        0,0,0,0
                        0,0,0,0
                        0,0,0,0
                        0,0,0,0
                        0,0,0,0
                        0,0,0,0
                        0,0,0,0
                        0,0,0,0
                        0,0,0,0
                        0,0,0,0
                        0,0,0,0

;                                                                             
  hscin_neg_ped_limit = 0,0,0,0               
                        0,0,0,0               
                        0,0,0,0
                        0,0,0,0
                        0,0,0,0
                        0,0,0,0
                        0,0,0,0
                        0,0,0,0
                        0,0,0,0
                        0,0,0,0
                        0,0,0,0
                        0,0,0,0
                        0,0,0,0
                        0,0,0,0
                        0,0,0,0
                        0,0,0,0
                        0,0,0,0
                        0,0,0,0

hscin_f1tdc_gate_width = 64937                                      
                                    
