; center of allowed time window      

   hstart_time_center = 15.                                       
   h1start_time_center=-71.46
   h2start_time_center=-67.81
; 1/2 width of time window                             

   hstart_time_slop = 30.

   hscin_adc_min = 500
;   hscin_adc_max = 8192
   hscin_adc_max = 10000
   hscin_tdc_min = 10000
   hscin_tdc_max = 50000
;   hscin_tdc_min = 18000
;   hscin_tdc_max = 20500

   hscin_tdc_to_time = 0.0566
                                                                               
;;; All the following taken from hhodo.param                                   
; hks_tof_params                                                               
 
 hnum_scin_counters=17, 9, 18, 1              
; are all calculated within h_init_scin                                
;    hhodo_pos_coord and hhodo_neg_coord are not yet used                
;                                                                            
     hscin_slope     =   2.0,  1.0,  3.0, 1.0
;                                                                      
; Updated from HKS run 55677        L.Y. 06/26/05   
     hscin_vel_light =  14.5, -15.0, 14.5, 14.5              
                        14.5, -15.0, 14.5, 14.5                    
                        14.5, -15.0, 14.5, 14.5                   
                        14.5, -15.0, 14.5, 14.5              
                        14.5, -15.0, 14.5, 14.5                    
                        14.5, -15.0, 14.5, 14.5                   
                        14.5, -15.0, 14.5, 14.5                    
                        14.5, -15.0, 14.5, 14.5                   
                        14.5, -15.0, 14.5, 14.5              
                        14.5, -15.0, 14.5, 14.5                    
                        14.5, -15.0, 14.5, 14.5   
                        14.5, -15.0, 14.5, 14.5                    
                        14.5, -15.0, 14.5, 14.5                   
                        14.5, -15.0, 14.5, 14.5              
                        14.5, -15.0, 14.5, 14.5                    
                        14.5, -15.0, 14.5, 14.5   
                        14.5, -15.0, 14.5, 14.5                    
                        14.5, -15.0, 14.5, 14.5  
;                                                                              
      hscin_pos_sigma = .3, 5.,.3, 5.

;                                                                              
      hscin_neg_sigma = .3, 5.,.3, 5.

;
hscin_pos_minph =   0.0,   0.0,   0.0,   0.0
                    0.0,   0.0,   0.0,   0.0
                    0.0,   0.0,   0.0,   0.0
                    0.0,   0.0,   0.0,   0.0
                    0.0,   0.0,   0.0,   0.0
                    0.0,   0.0,   0.0,   0.0
                    0.0,   0.0,   0.0,   0.0
                    0.0,   0.0,   0.0,   0.0
                    0.0,   0.0,   0.0,   0.0
                    0.0,   0.0,   0.0,   0.0
                    0.0,   0.0,   0.0,   0.0
                    0.0,   0.0,   0.0,   0.0
                    0.0,   0.0,   0.0,   0.0
                    0.0,   0.0,   0.0,   0.0
                    0.0,   0.0,   0.0,   0.0
                    0.0,   0.0,   0.0,   0.0
                    0.0,  -2.0,   0.0,   0.0
                    0.0,   0.0,   0.0,   0.0
hscin_neg_minph =   0.0,   0.0,   0.0,   0.0
                    0.0,   0.0,   0.0,   0.0
                    0.0,   0.0,   0.0,   0.0
                    0.0,   0.0,   0.0,   0.0
                    0.0,   0.1,   0.0,   0.0
                    0.1,   0.0,   0.0,   0.0
                    0.0,   0.0,   0.0,   0.0
                    0.0,   0.0,   0.0,   0.0
                    0.0,   0.0,   0.0,   0.0
                    0.0,   0.0,   0.0,   0.0
                    0.0,   0.0,   0.0,   0.0
                    0.0,   0.0,   4.7,   4.7
                    0.0,   0.0,   0.0,   0.0
                    0.0,  -2.0,   0.0,   0.0
                    0.0,   0.0,   0.0,   0.0
                    0.0,   0.0,   0.0,   0.0
                    0.0,   0.0,   0.0,   0.0
                    0.0,   0.0,   0.0,   0.0
hscin_pos_phc_coeff =
1.092E+03, 1.221E+03,  1.905E+03, 2.000E+03
1.338E+03, 1.398E+03,  1.382E+03, 0.000E+00
1.240E+03, 1.477E+03,  1.615E+03, 0.000E+00
1.261E+03, 1.351E+03,  1.572E+03, 0.000E+00
1.313E+03, 1.400E+03,  1.308E+03, 0.000E+00
1.201E+03, 1.298E+03,  1.477E+03, 0.000E+00
1.203E+03, 1.203E+03,  1.651E+03, 0.000E+00
1.387E+03, 1.267E+03,  1.509E+03, 0.000E+00
1.442E+03, 1.203E+03,  1.922E+03, 0.000E+00
1.271E+03, 0.000E+00,  1.533E+03, 0.000E+00
1.188E+03, 0.000E+00,  1.561E+03, 0.000E+00
1.156E+03, 0.000E+00,  1.502E+03, 0.000E+00
1.229E+03, 0.000E+00,  1.483E+03, 0.000E+00
1.350E+03, 0.000E+00,  1.741E+03, 0.000E+00
1.444E+03, 0.000E+00,  1.290E+03, 0.000E+00
1.318E+03, 0.000E+00,  1.691E+03, 0.000E+00
1.448E+03, 0.000E+00,  1.812E+03, 0.000E+00
0.000E+00, 0.000E+00,  1.760E+03, 0.000E+00

hscin_neg_phc_coeff  = 
1.349E+03, 1.313E+03,  1.257E+03, 2.600E+03
1.112E+03, 1.202E+03,  1.558E+03, 0.000E+00
1.291E+03, 1.271E+03,  1.422E+03, 0.000E+00
1.424E+03, 1.194E+03,  1.651E+03, 0.000E+00
1.548E+03, 1.407E+03,  1.459E+03, 0.000E+00
1.512E+03, 1.501E+03,  1.326E+03, 0.000E+00
1.454E+03, 1.459E+03,  1.633E+03, 0.000E+00
1.187E+03, 1.449E+03,  1.662E+03, 0.000E+00
1.449E+03, 1.370E+03,  1.270E+03, 0.000E+00
1.209E+03, 0.000E+00,  1.749E+03, 0.000E+00
1.207E+03, 0.000E+00,  1.538E+03, 0.000E+00
1.428E+03, 0.000E+00,  1.735E+03, 0.000E+00
1.327E+03, 0.000E+00,  1.607E+03, 0.000E+00
1.577E+03, 0.000E+00,  1.385E+03, 0.000E+00
1.429E+03, 0.000E+00,  1.822E+03, 0.000E+00
1.474E+03, 0.000E+00,  1.671E+03, 0.000E+00
1.656E+03, 0.000E+00,  1.643E+03, 0.000E+00
0.000E+00, 0.000E+00,  1.752E+03, 0.000E+00

hscin_pos_time_offset = 
  20070.3736,  20068.8804,  20305.1366,  20309.5546
  20071.8706,  20153.6487,  20295.2996,  0
  20063.1126,  20155.1804,  20346.3256,  0
  20079.2236,  20170.0587,  20330.6236,  0
  20030.7736,  20110     ,  20342.7846,  0
  20070.9406,  20084.6638,  20209.0156,  0
  20073.7306,  20009.5564,  20226.6736,  0
  20046.7816,  20080.7435,  20221.7966,  0
  20076.0526,  20093.5786,  20258.5986,  0
  20080.3036,  0         ,  20261.1596,  0
  20138.8746,  0         ,  20237.8706,  0
  20047.2536,  0         ,  20245.5266,  0
  20215.664 ,  0         ,  20303.7386,  0
  20051.3501,  0         ,  20314.8311,  0
  19993.8601,  0         ,  20282.8891,  0
  20045.7571,  0         ,  20321.4361,  0
  20125.4901,  0         ,  20315.9151,  0
  0            ,  0         ,  20281.2011,  0

hscin_neg_time_offset =  
  20002.3736,  20013.8804,  20244.1366,  20348.5546
  19986.8706,  20063.6487,  20208.2996,  0
  19999.1126,  20036.1804,  20364.3256,  0
  19999.2236,  20037.0587,  20273.6236,  0
  19963.7736,  20100     ,  20373.7846,  0
  20022.9406,  20136.6638,  20252.0156,  0
  20074.7306,  20278.5564,  20231.6736,  0
  20037.7816,  20120.7435,  20219.7966,  0
  19994.0526,  20117.5786,  20323.5986,  0
  20018.3036,  0         ,  20285.1596,  0
  20026.8746,  0         ,  20291.8706,  0
  19974.2536,  0         ,  20262.5266,  0
  20190.664 ,  0         ,  20237.7386,  0
  20081.3501,  0         ,  20253.8311,  0
  20088.8601,  0         ,  20302.8891,  0
  20200.7571,  0         ,  20294.4361,  0
  20134.4901,  0         ,  20301.9151,  0
  0         ,  0         ,  20302.2011,  0
;;                                                                   
  hscin_pos_ped_limit = 0,0,0,0
                        0,0,0,0
                        0,0,0,0
                        0,0,0,0
                        0,0,0,0
                        0,0,0,0
                        0,0,0,0
                        0,0,0,0
                        0,0,0,0
                        0,0,0,0
                        0,0,0,0
                        0,0,0,0
                        0,0,0,0
                        0,0,0,0
                        0,0,0,0
                        0,0,0,0
                        0,0,0,0
                        0,0,0,0

;                                                                             
  hscin_neg_ped_limit = 0,0,0,0               
                        0,0,0,0               
                        0,0,0,0
                        0,0,0,0
                        0,0,0,0
                        0,0,0,0
                        0,0,0,0
                        0,0,0,0
                        0,0,0,0
                        0,0,0,0
                        0,0,0,0
                        0,0,0,0
                        0,0,0,0
                        0,0,0,0
                        0,0,0,0
                        0,0,0,0
                        0,0,0,0
                        0,0,0,0

hscin_f1tdc_gate_width = 64937                                      
                                    
