; center of allowed time window      

   hstart_time_center = -68.0                                       
   h1start_time_center=-71.46
   h2start_time_center=-67.81
; 1/2 width of time window                             

   hstart_time_slop = 30.0

   hscin_adc_min = 0
;   hscin_adc_max = 8192
   hscin_adc_max = 10000
;   hscin_tdc_min = 10000
;   hscin_tdc_max = 50000
   hscin_tdc_min = 18000
   hscin_tdc_max = 20500

   hscin_tdc_to_time = 0.0566
                                                                               
;;; All the following taken from hhodo.param                                   
; hks_tof_params                                                               
 
 hnum_scin_counters=17, 9, 18, 1              
; are all calculated within h_init_scin                                
;    hhodo_pos_coord and hhodo_neg_coord are not yet used                
;                                                                            
     hscin_slope     =   2.0,  1.0,  3.0, 1.0
;                                                                      
; Updated from HKS run 55677        L.Y. 06/26/05   
     hscin_vel_light =  14.5, 15.5, 14.5, 14.5              
                        14.5, 15.5, 14.5, 14.5                    
                        14.5, 15.5, 14.5, 14.5                   
                        14.5, 15.5, 14.5, 14.5              
                        14.5, 15.5, 14.5, 14.5                    
                        14.5, 15.5, 14.5, 14.5                   
                        14.5, 15.5, 14.5, 14.5                    
                        14.5, 15.5, 14.5, 14.5                   
                        14.5, 15.5, 14.5, 14.5              
                        14.5, 15.5, 14.5, 14.5                    
                        14.5, 15.5, 14.5, 14.5   
                        14.5, 15.5, 14.5, 14.5                    
                        14.5, 15.5, 14.5, 14.5                   
                        14.5, 15.5, 14.5, 14.5              
                        14.5, 15.5, 14.5, 14.5                    
                        14.5, 15.5, 14.5, 14.5   
                        14.5, 15.5, 14.5, 14.5                    
                        14.5, 15.5, 14.5, 14.5  
;                                                                             
      hscin_pos_sigma = .3, 0.5,.3, 5.

;                                                                             
      hscin_neg_sigma = .3, 0.5, .3, 5.

;
hscin_pos_minph =   0.0,   0.0,   0.0,   0.0
                    0.0,   0.0,   0.0,   0.0
                    0.0,   0.0,   0.0,   0.0
                    0.0,   0.0,   0.0,   0.0
                    0.0,   0.0,   0.0,   0.0
                    0.0,   0.0,   0.0,   0.0
                    0.0,   0.0,   0.0,   0.0
                    0.0,   0.0,   0.0,   0.0
                    0.0,   0.0,   0.0,   0.0
                    0.0,   0.0,   0.0,   0.0
                    0.0,   0.0,   0.0,   0.0
                    0.0,   0.0,   0.0,   0.0
                    0.0,   0.0,   0.0,   0.0
                    0.0,   0.0,   0.0,   0.0
                    0.0,   0.0,   0.0,   0.0
                    0.0,   0.0,   0.0,   0.0
                    0.0,  -2.0,   0.0,   0.0
                    0.0,   0.0,   0.0,   0.0
hscin_neg_minph =   0.0,   0.0,   0.0,   0.0
                    0.0,   0.0,   0.0,   0.0
                    0.0,   0.0,   0.0,   0.0
                    0.0,   0.0,   0.0,   0.0
                    0.0,   0.1,   0.0,   0.0
                    0.1,   0.0,   0.0,   0.0
                    0.0,   0.0,   0.0,   0.0
                    0.0,   0.0,   0.0,   0.0
                    0.0,   0.0,   0.0,   0.0
                    0.0,   0.0,   0.0,   0.0
                    0.0,   0.0,   0.0,   0.0
                    0.0,   0.0,   4.7,   4.7
                    0.0,   0.0,   0.0,   0.0
                    0.0,  -2.0,   0.0,   0.0
                    0.0,   0.0,   0.0,   0.0
                    0.0,   0.0,   0.0,   0.0
                    0.0,   0.0,   0.0,   0.0
                    0.0,   0.0,   0.0,   0.0
hscin_pos_phc_coeff=
1100,  650,  800,  0
850 ,  650,  650,  0
750 ,  600,  650,  0
750 ,  600,  750,  0
750 ,  600,  730,  0
750 ,  600,  650,  0
550 ,  600,  670,  0
630 ,  750,  600,  0
600 ,  680,  600,  0
650 ,  0  ,  580,  0
650 ,  0  ,  630,  0
650 ,  0  ,  640,  0
700 ,  0  ,  680,  0
650 ,  0  ,  650,  0
650 ,  0  ,  700,  0
700 ,  0  ,  680,  0
700 ,  0  ,  630,  0
0   ,  0  ,  650,  0

hscin_neg_phc_coeff=  
700,  650,  800,  0
750,  700,  650,  0
750,  600,  650,  0
720,  600,  750,  0
730,  800,  620,  0
740,  600,  650,  0
550,  600,  670,  0
630,  750,  600,  0
600,  680,  600,  0
650,  0  ,  580,  0
650,  0  ,  630,  0
650,  0  ,  640,  0
700,  0  ,  680,  0
650,  0  ,  650,  0
650,  0  ,  700,  0
700,  0  ,  680,  0
700,  0  ,  630,  0
0  ,  0  ,  700,  0

hscin_pos_phc_coeff2=
0     ,  0.0004,  0.00105,  0
0     ,  0.0009,  0.0015 ,  0
0     ,  0.001 ,  0.0015 ,  0
0     ,  0.0011,  0.0014 ,  0
0     ,  0.0004,  0.0015 ,  0
0     ,  0.001 ,  0.0014 ,  0
0.0017,  0.0012,  0.00142,  0
0.0013,  0.001 ,  0.0014 ,  0
0.0015,  0.001 ,  0.0015 ,  0
0.0013,  0     ,  0.0014 ,  0
0.0005,  0     ,  0.0013 ,  0
0.001 ,  0     ,  0.0013 ,  0
0.001 ,  0     ,  0.0011 ,  0
0.001 ,  0     ,  0.001  ,  0
0.0016,  0     ,  0.001  ,  0
0.0013,  0     ,  0.0012 ,  0
0.0005,  0     ,  0.0014 ,  0
0     ,  0     ,  0.001  ,  0

hscin_neg_phc_coeff2=
0     ,  0.0004,  0.00105,  0
0     ,  0.0009,  0.0015 ,  0
0     ,  0.001 ,  0.0015 ,  0
0     ,  0.0011,  0.0014 ,  0
0     ,  0.001 ,  0.00151,  0
0     ,  0.0012,  0.0014 ,  0
0.0017,  0.0008,  0.00142,  0
0.0013,  0.0009,  0.0014 ,  0
0.0015,  0.001 ,  0.0016 ,  0
0.0013,  0     ,  0.0014 ,  0
0.0005,  0     ,  0.0013 ,  0
0.001 ,  0     ,  0.0013 ,  0
0.001 ,  0     ,  0.0011 ,  0
0.001 ,  0     ,  0.001  ,  0
0.0012,  0     ,  0.0013 ,  0
0.0015,  0     ,  0.0012 ,  0
0.0005,  0     ,  0.0014 ,  0
0     ,  0     ,  0.0013 ,  0

hscin_pos_time_offset =
1133.6454     ,  1135.0536,  1142.5015     ,  1140.0000
1133.4324     ,  1139.6981,  1141.7500     ,  0.0000
1133.1553     ,  1139.9342,  1144.5704     ,  0.0000
1134.5576     ,  1141.0100,  1143.8842     ,  0.0000
1131.7228     ,  1137.3029,  1144.3126     ,  0.0000
1134.0332     ,  1136.0581,  1137.0391     ,  0.0000
1134.1102+0.05,  1132.4226,  1137.9062     ,  0.0000
1132.4901+0.02,  1135.4830,  1137.9642-0.05,  0.0000
1134.8580+0.05,  1135.8743,  1140.1120-0.03,  0.0000
1134.6909+0.05,     0.0000,  1140.3242-0.05,  0.0000
1137.8153     ,     0.0000,  1138.8667     ,  0.0000
1132.6560+0.05,     0.0000,  1139.2343     ,  0.0000
1130.4730+0.05,     0.0000,  1142.4245     ,  0.0000
1133.1260+0.02,     0.0000,  1142.9334     ,  0.0000
1129.8809+0.02,     0.0000,  1141.0961     ,  0.0000
1132.8181+0.05,     0.0000,  1143.1756-0.05,  0.0000
1137.2555+0.02,     0.0000,  1143.3999-0.03,  0.0000
   0.0000     ,     0.0000,  1141.1223-0.04,  0.0000

hscin_neg_time_offset =
1129.7966     ,  1122.8280,  1138.6527     ,  1140.0000
1129.3572     ,  1125.8877,  1137.1088     ,  0.0000
1129.8723     ,  1124.4258,  1146.0421     ,  0.0000
1129.8032     ,  1124.2563,  1140.6015     ,  0.0000
1127.9872     ,  1128.1337,  1146.3502     ,  0.0000
1131.2034     ,  1130.1718,  1139.4163     ,  0.0000
1135.0157+0.05,  1137.2902,  1138.6984     ,  0.0000
1132.4901+0.02,  1129.1438,  1137.9642-0.05,  0.0000
1129.8773+0.04,  1129.4219,  1143.7346     ,  0.0000
1131.1816+0.04,     0.0000,  1141.6826-0.05,  0.0000
1131.8158     ,     0.0000,  1141.8100     ,  0.0000
1128.9204+0.04,     0.0000,  1140.3664     ,  0.0000
1133.5294+0.04,     0.0000,  1138.8020     ,  0.0000
1134.9373+0.01,     0.0000,  1139.9403     ,  0.0000
1135.3145+0.01,     0.0000,  1142.3413     ,  0.0000
1141.5344+0.04,     0.0000,  1142.4964-0.05,  0.0000
1138.1610+0.02,     0.0000,  1142.6074-0.03,  0.0000
   0.0000     ,     0.0000,  1142.7072-0.04,  0.0000
;;                                                                  
  hscin_pos_ped_limit = 2000,2000,2000,2000
                        2000,2000,2000,2000
                        2000,2000,2000,2000
                        2000,2000,2000,2000
                        2000,2000,2000,2000
                        2000,2000,2000,2000
                        2000,2000,2000,2000
                        2000,2000,2000,2000
                        2000,2000,2000,2000
                        2000,2000,2000,2000
                        2000,2000,2000,2000
                        2000,2000,2000,2000
                        2000,2000,2000,2000
                        2000,2000,2000,2000
                        2000,2000,2000,2000
                        2000,2000,2000,2000
                        2000,2000,2000,2000
                        2000,2000,2000,2000

;                                                                             
  hscin_neg_ped_limit = 2000,2000,2000,2000               
                        2000,2000,2000,2000
                        2000,2000,2000,2000
                        2000,2000,2000,2000
                        2000,2000,2000,2000
                        2000,2000,2000,2000
                        2000,2000,2000,2000
                        2000,2000,2000,2000
                        2000,2000,2000,2000
                        2000,2000,2000,2000
                        2000,2000,2000,2000
                        2000,2000,2000,2000
                        2000,2000,2000,2000
                        2000,2000,2000,2000
                        2000,2000,2000,2000
                        2000,2000,2000,2000
                        2000,2000,2000,2000
                        2000,2000,2000,2000

hscin_f1tdc_gate_width = 64937                                      
                                    
