; NEW COINCIDENCE WINDOW start from here
; center of allowed time window      

   hstart_time_center = -65.0                                       
   h1start_time_center=-71.46
   h2start_time_center=-67.81
; 1/2 width of time window                             

   hstart_time_slop = 30.0

   hscin_adc_min = 0
;   hscin_adc_max = 8192
   hscin_adc_max = 10000
;   hscin_tdc_min = 10000
;   hscin_tdc_max = 50000
   hscin_tdc_min = 18000
   hscin_tdc_max = 20500

   hscin_tdc_to_time = 0.0566
                                                                               
;;; All the following taken from hhodo.param                                   
; hks_tof_params                                                               
 
 hnum_scin_counters=17, 9, 18, 1        	      
; are all calculated within h_init_scin                                
;    hhodo_pos_coord and hhodo_neg_coord are not yet used                
;                                                                            
     hscin_slope     =   2.0,  1.0,  3.0, 1.0
;                                                                      
; Updated from HKS run 55677        L.Y. 06/26/05   
     hscin_vel_light =  14.5, 15.5, 14.5, 14.5              
                        14.5, 15.5, 14.5, 14.5                    
                        14.5, 15.5, 14.5, 14.5                   
                        14.5, 15.5, 14.5, 14.5              
                        14.5, 15.5, 14.5, 14.5                    
                        14.5, 15.5, 14.5, 14.5                   
                        14.5, 15.5, 14.5, 14.5                    
                        14.5, 15.5, 14.5, 14.5                   
                        14.5, 15.5, 14.5, 14.5              
                        14.5, 15.5, 14.5, 14.5                    
                        14.5, 15.5, 14.5, 14.5   
                        14.5, 15.5, 14.5, 14.5                    
                        14.5, 15.5, 14.5, 14.5                   
                        14.5, 15.5, 14.5, 14.5              
                        14.5, 15.5, 14.5, 14.5                    
                        14.5, 15.5, 14.5, 14.5   
                        14.5, 15.5, 14.5, 14.5                    
                        14.5, 15.5, 14.5, 14.5  
;                                                                             
      hscin_pos_sigma = .3, 0.5,.3, 5.

;                                                                             
      hscin_neg_sigma = .3, 0.5, .3, 5.

;
hscin_pos_minph =   0.0,   0.0,   0.0,   0.0
                    0.0,   0.0,   0.0,   0.0
                    0.0,   0.0,   0.0,   0.0
                    0.0,   0.0,   0.0,   0.0
                    0.0,   0.0,   0.0,   0.0
                    0.0,   0.0,   0.0,   0.0
                    0.0,   0.0,   0.0,   0.0
                    0.0,   0.0,   0.0,   0.0
                    0.0,   0.0,   0.0,   0.0
                    0.0,   0.0,   0.0,   0.0
                    0.0,   0.0,   0.0,   0.0
                    0.0,   0.0,   0.0,   0.0
                    0.0,   0.0,   0.0,   0.0
                    0.0,   0.0,   0.0,   0.0
                    0.0,   0.0,   0.0,   0.0
                    0.0,   0.0,   0.0,   0.0
                    0.0,  -2.0,   0.0,   0.0
                    0.0,   0.0,   0.0,   0.0
hscin_neg_minph =   0.0,   0.0,   0.0,   0.0
                    0.0,   0.0,   0.0,   0.0
                    0.0,   0.0,   0.0,   0.0
                    0.0,   0.0,   0.0,   0.0
                    0.0,   0.1,   0.0,   0.0
                    0.1,   0.0,   0.0,   0.0
                    0.0,   0.0,   0.0,   0.0
                    0.0,   0.0,   0.0,   0.0
                    0.0,   0.0,   0.0,   0.0
                    0.0,   0.0,   0.0,   0.0
                    0.0,   0.0,   0.0,   0.0
                    0.0,   0.0,   4.7,   4.7
                    0.0,   0.0,   0.0,   0.0
                    0.0,  -2.0,   0.0,   0.0
                    0.0,   0.0,   0.0,   0.0
                    0.0,   0.0,   0.0,   0.0
                    0.0,   0.0,   0.0,   0.0
                    0.0,   0.0,   0.0,   0.0
hscin_pos_phc_coeff=
1100,  650,  800,  0
850 ,  650,  650,  0
750 ,  600,  650,  0
750 ,  600,  750,  0
750 ,  600,  730,  0
750 ,  600,  650,  0
550 ,  600,  670,  0
630 ,  750,  600,  0
600 ,  680,  600,  0
650 ,  0  ,  580,  0
650 ,  0  ,  630,  0
650 ,  0  ,  640,  0
700 ,  0  ,  680,  0
650 ,  0  ,  650,  0
650 ,  0  ,  700,  0
700 ,  0  ,  680,  0
700 ,  0  ,  630,  0
0   ,  0  ,  650,  0

hscin_neg_phc_coeff=  
700,  650,  800,  0
750,  700,  650,  0
750,  600,  650,  0
720,  600,  750,  0
730,  800,  620,  0
740,  600,  650,  0
550,  600,  670,  0
630,  750,  600,  0
600,  680,  600,  0
650,  0  ,  580,  0
650,  0  ,  630,  0
650,  0  ,  640,  0
700,  0  ,  680,  0
650,  0  ,  650,  0
650,  0  ,  700,  0
700,  0  ,  680,  0
700,  0  ,  630,  0
0  ,  0  ,  700,  0

hscin_pos_phc_coeff2=
0     ,  0.0004,  0.00105,  0
0     ,  0.0009,  0.0015 ,  0
0     ,  0.001 ,  0.0015 ,  0
0     ,  0.0011,  0.0014 ,  0
0     ,  0.0004,  0.0015 ,  0
0     ,  0.001 ,  0.0014 ,  0
0.0017,  0.0012,  0.00142,  0
0.0013,  0.001 ,  0.0014 ,  0
0.0015,  0.001 ,  0.0015 ,  0
0.0013,  0     ,  0.0014 ,  0
0.0005,  0     ,  0.0013 ,  0
0.001 ,  0     ,  0.0013 ,  0
0.001 ,  0     ,  0.0011 ,  0
0.001 ,  0     ,  0.001  ,  0
0.0016,  0     ,  0.001  ,  0
0.0013,  0     ,  0.0012 ,  0
0.0005,  0     ,  0.0014 ,  0
0     ,  0     ,  0.001  ,  0

hscin_neg_phc_coeff2=
0     ,  0.0004,  0.00105,  0
0     ,  0.0009,  0.0015 ,  0
0     ,  0.001 ,  0.0015 ,  0
0     ,  0.0011,  0.0014 ,  0
0     ,  0.001 ,  0.00151,  0
0     ,  0.0012,  0.0014 ,  0
0.0017,  0.0008,  0.00142,  0
0.0013,  0.0009,  0.0014 ,  0
0.0015,  0.001 ,  0.0016 ,  0
0.0013,  0     ,  0.0014 ,  0
0.0005,  0     ,  0.0013 ,  0
0.001 ,  0     ,  0.0013 ,  0
0.001 ,  0     ,  0.0011 ,  0
0.001 ,  0     ,  0.001  ,  0
0.0012,  0     ,  0.0013 ,  0
0.0015,  0     ,  0.0012 ,  0
0.0005,  0     ,  0.0014 ,  0
0     ,  0     ,  0.0013 ,  0

hscin_pos_time_offset =
1133.72440     , 1134.95320, 1142.60560, 1145.00000
1133.38960     , 1139.59630, 1141.90400, 0.00000
1133.17690     , 1139.64450, 1144.72715, 0.00000
1134.62340     , 1140.94545, 1144.06315, 0.00000
1131.82310     , 1137.15430, 1144.49640, 0.00000
1134.12470     , 1136.03265, 1137.20080, 0.00000
1134.02812+0.17, 1132.49120, 1138.03140, 0.00000
1132.44200+0.15, 1135.35270, 1138.07000, 0.00000
1134.78905+0.19, 1135.79640, 1140.14590, 0.00000
1134.76085+0.07,    0.00000, 1140.44830, 0.00000
1137.86385+0.02,    0.00000, 1139.01015, 0.00000
1132.74933+0.04,    0.00000, 1139.34788, 0.00000
1140.08373+0.09,    0.00000, 1142.55468, 0.00000
1133.20401+0.05,    0.00000, 1143.14001, 0.00000
1129.95466+0.08,    0.00000, 1141.24166, 0.00000
1132.82071+0.11,    0.00000, 1143.36276, 0.00000
1137.35731     ,    0.00000, 1143.57381, 0.00000
   0.00000     ,    0.00000, 1141.30699, 0.00000

hscin_neg_time_offset =
1129.87560     , 1122.72760, 1138.75680, 1145.00000
1129.31440     , 1125.78590, 1137.26280, 0.00000
1129.89390     , 1124.13610, 1146.19885, 0.00000
1129.86900     , 1124.19175, 1140.78045, 0.00000
1128.08750     , 1127.98510, 1146.53400, 0.00000
1131.29490     , 1130.14635, 1139.57800, 0.00000
1134.93362+0.17, 1137.35880, 1138.82360, 0.00000
1132.44200+0.15, 1129.01350, 1138.07000, 0.00000
1129.79835+0.19, 1129.34400, 1143.79850, 0.00000
1131.24155+0.07,    0.00000, 1141.80670, 0.00000
1131.86435+0.02,    0.00000, 1141.95345, 0.00000
1129.00373+0.04,    0.00000, 1140.47998, 0.00000
1143.13013+0.09,    0.00000, 1138.93218, 0.00000
1135.00531+0.05,    0.00000, 1140.14691, 0.00000
1135.37826+0.08,    0.00000, 1142.48686, 0.00000
1141.52701+0.11,    0.00000, 1142.68356, 0.00000
1138.26281     ,    0.00000, 1142.78131, 0.00000
   0.00000     ,    0.00000, 1142.89189, 0.00000
;;                                                                  
  hscin_pos_ped_limit = 2000,2000,2000,2000
                        2000,2000,2000,2000
                        2000,2000,2000,2000
                        2000,2000,2000,2000
                        2000,2000,2000,2000
                        2000,2000,2000,2000
                        2000,2000,2000,2000
                        2000,2000,2000,2000
                        2000,2000,2000,2000
                        2000,2000,2000,2000
                        2000,2000,2000,2000
                        2000,2000,2000,2000
                        2000,2000,2000,2000
                        2000,2000,2000,2000
                        2000,2000,2000,2000
                        2000,2000,2000,2000
                        2000,2000,2000,2000
                        2000,2000,2000,2000

;                                                                             
  hscin_neg_ped_limit = 2000,2000,2000,2000               
                        2000,2000,2000,2000
                        2000,2000,2000,2000
                        2000,2000,2000,2000
                        2000,2000,2000,2000
                        2000,2000,2000,2000
                        2000,2000,2000,2000
                        2000,2000,2000,2000
                        2000,2000,2000,2000
                        2000,2000,2000,2000
                        2000,2000,2000,2000
                        2000,2000,2000,2000
                        2000,2000,2000,2000
                        2000,2000,2000,2000
                        2000,2000,2000,2000
                        2000,2000,2000,2000
                        2000,2000,2000,2000
                        2000,2000,2000,2000

hscin_f1tdc_gate_width = 64937                                      
                                    
