; center of allowed time window      

   hstart_time_center = -65.0                                       
   h1start_time_center=-71.46
   h2start_time_center=-67.81
; 1/2 width of time window                             

   hstart_time_slop = 30.0

   hscin_adc_min = 0
;   hscin_adc_max = 8192
   hscin_adc_max = 10000
;   hscin_tdc_min = 10000
;   hscin_tdc_max = 50000
   hscin_tdc_min = 18000
   hscin_tdc_max = 20500



   hscin_tdc_to_time = 0.0566
                                                                               
;;; All the following taken from hhodo.param                                   
; hks_tof_params                                                               
 
 hnum_scin_counters=17, 9, 18, 1              
; are all calculated within h_init_scin                                
;    hhodo_pos_coord and hhodo_neg_coord are not yet used                
;                                                                            
     hscin_slope     =   2.0,  1.0,  3.0, 1.0
;                                                                      
; Updated from HKS run 55677        L.Y. 06/26/05   
     hscin_vel_light =  14.5, 15.5, 14.5, 14.5              
                        14.5, 15.5, 14.5, 14.5                    
                        14.5, 15.5, 14.5, 14.5                   
                        14.5, 15.5, 14.5, 14.5              
                        14.5, 15.5, 14.5, 14.5                    
                        14.5, 15.5, 14.5, 14.5                   
                        14.5, 15.5, 14.5, 14.5                    
                        14.5, 15.5, 14.5, 14.5                   
                        14.5, 15.5, 14.5, 14.5              
                        14.5, 15.5, 14.5, 14.5                    
                        14.5, 15.5, 14.5, 14.5   
                        14.5, 15.5, 14.5, 14.5                    
                        14.5, 15.5, 14.5, 14.5                   
                        14.5, 15.5, 14.5, 14.5              
                        14.5, 15.5, 14.5, 14.5                    
                        14.5, 15.5, 14.5, 14.5   
                        14.5, 15.5, 14.5, 14.5                    
                        14.5, 15.5, 14.5, 14.5  
;                                                                             
      hscin_pos_sigma = .3, 0.5,.3, 5.

;                                                                             
      hscin_neg_sigma = .3, 0.5, .3, 5.

;
hscin_pos_minph =   0.0,   0.0,   0.0,   0.0
                    0.0,   0.0,   0.0,   0.0
                    0.0,   0.0,   0.0,   0.0
                    0.0,   0.0,   0.0,   0.0
                    0.0,   0.0,   0.0,   0.0
                    0.0,   0.0,   0.0,   0.0
                    0.0,   0.0,   0.0,   0.0
                    0.0,   0.0,   0.0,   0.0
                    0.0,   0.0,   0.0,   0.0
                    0.0,   0.0,   0.0,   0.0
                    0.0,   0.0,   0.0,   0.0
                    0.0,   0.0,   0.0,   0.0
                    0.0,   0.0,   0.0,   0.0
                    0.0,   0.0,   0.0,   0.0
                    0.0,   0.0,   0.0,   0.0
                    0.0,   0.0,   0.0,   0.0
                    0.0,  -2.0,   0.0,   0.0
                    0.0,   0.0,   0.0,   0.0
hscin_neg_minph =   0.0,   0.0,   0.0,   0.0
                    0.0,   0.0,   0.0,   0.0
                    0.0,   0.0,   0.0,   0.0
                    0.0,   0.0,   0.0,   0.0
                    0.0,   0.1,   0.0,   0.0
                    0.1,   0.0,   0.0,   0.0
                    0.0,   0.0,   0.0,   0.0
                    0.0,   0.0,   0.0,   0.0
                    0.0,   0.0,   0.0,   0.0
                    0.0,   0.0,   0.0,   0.0
                    0.0,   0.0,   0.0,   0.0
                    0.0,   0.0,   4.7,   4.7
                    0.0,   0.0,   0.0,   0.0
                    0.0,  -2.0,   0.0,   0.0
                    0.0,   0.0,   0.0,   0.0
                    0.0,   0.0,   0.0,   0.0
                    0.0,   0.0,   0.0,   0.0
                    0.0,   0.0,   0.0,   0.0
hscin_pos_phc_coeff=
1100,  650,  800,  0
850 ,  650,  650,  0
750 ,  600,  650,  0
750 ,  600,  750,  0
750 ,  600,  730,  0
750 ,  600,  650,  0
550 ,  600,  670,  0
630 ,  750,  600,  0
600 ,  680,  600,  0
650 ,  0  ,  580,  0
650 ,  0  ,  630,  0
650 ,  0  ,  640,  0
700 ,  0  ,  680,  0
650 ,  0  ,  650,  0
650 ,  0  ,  700,  0
700 ,  0  ,  680,  0
700 ,  0  ,  630,  0
0   ,  0  ,  650,  0

hscin_neg_phc_coeff=  
700,  650,  800,  0
750,  700,  650,  0
750,  600,  650,  0
720,  600,  750,  0
730,  800,  620,  0
740,  600,  650,  0
550,  600,  670,  0
630,  750,  600,  0
600,  680,  600,  0
650,  0  ,  580,  0
650,  0  ,  630,  0
650,  0  ,  640,  0
700,  0  ,  680,  0
650,  0  ,  650,  0
650,  0  ,  700,  0
700,  0  ,  680,  0
700,  0  ,  630,  0
0  ,  0  ,  700,  0

hscin_pos_phc_coeff2=
0     ,  0.0004,  0.00105,  0
0     ,  0.0009,  0.0015 ,  0
0     ,  0.001 ,  0.0015 ,  0
0     ,  0.0011,  0.0014 ,  0
0     ,  0.0004,  0.0015 ,  0
0     ,  0.001 ,  0.0014 ,  0
0.0017,  0.0012,  0.00142,  0
0.0013,  0.001 ,  0.0014 ,  0
0.0015,  0.001 ,  0.0015 ,  0
0.0013,  0     ,  0.0014 ,  0
0.0005,  0     ,  0.0013 ,  0
0.001 ,  0     ,  0.0013 ,  0
0.001 ,  0     ,  0.0011 ,  0
0.001 ,  0     ,  0.001  ,  0
0.0016,  0     ,  0.001  ,  0
0.0013,  0     ,  0.0012 ,  0
0.0005,  0     ,  0.0014 ,  0
0     ,  0     ,  0.001  ,  0

hscin_neg_phc_coeff2=
0     ,  0.0004,  0.00105,  0
0     ,  0.0009,  0.0015 ,  0
0     ,  0.001 ,  0.0015 ,  0
0     ,  0.0011,  0.0014 ,  0
0     ,  0.001 ,  0.00151,  0
0     ,  0.0012,  0.0014 ,  0
0.0017,  0.0008,  0.00142,  0
0.0013,  0.0009,  0.0014 ,  0
0.0015,  0.001 ,  0.0016 ,  0
0.0013,  0     ,  0.0014 ,  0
0.0005,  0     ,  0.0013 ,  0
0.001 ,  0     ,  0.0013 ,  0
0.001 ,  0     ,  0.0011 ,  0
0.001 ,  0     ,  0.001  ,  0
0.0012,  0     ,  0.0013 ,  0
0.0015,  0     ,  0.0012 ,  0
0.0005,  0     ,  0.0014 ,  0
0     ,  0     ,  0.0013 ,  0

hscin_pos_time_offset =
1133.72440     ,  1134.69670+0.10,  1142.67610     ,  1145.00000
1132.97310     ,  1139.39790+0.10,  1142.02820     ,  0.00000
1132.89870     ,  1138.99490+0.10,  1144.82605     ,  0.00000
1134.52190     ,  1140.88135+0.10,  1144.16375     ,  0.00000
1131.76000     ,  1136.95610+0.10,  1144.62090     ,  0.00000
1134.12780     ,  1135.90665+0.10,  1137.38920     ,  0.00000
1134.07597+0.17,  1132.32754+0.10,  1138.20260     ,  0.00000
1132.37088+0.15,  1135.11520+0.10,  1138.27328-0.05,  0.00000
1134.83163+0.19,  1135.61790+0.10,  1140.34328+0.05,  0.00000
1134.87843+0.07,     0.00000     ,  1140.65838     ,  0.00000
1138.00193     ,     0.00000     ,  1139.22303     ,  0.00000
1132.90658     ,     0.00000     ,  1139.57313     ,  0.00000
1130.54568+0.06,     0.00000     ,  1142.80613     ,  0.00000
1133.35183+0.05,     0.00000     ,  1143.40193-0.05,  0.00000
1130.14328+0.09,     0.00000     ,  1141.50308+0.03,  0.00000
1133.02483+0.15,     0.00000     ,  1143.67928     ,  0.00000
1137.56033     ,     0.00000     ,  1143.86763     ,  0.00000
   0.00000     ,     0.00000     ,  1141.59784-0.05,  0.00000

hscin_neg_time_offset =
1129.87560     ,  1122.47110+0.10,  1138.82730     ,  1145.00000
1128.89790     ,  1125.58750+0.10,  1137.38700     ,  0.00000
1129.61570     ,  1123.48650+0.10,  1146.29775     ,  0.00000
1129.76750     ,  1124.12765+0.10,  1140.88105     ,  0.00000
1128.02440     ,  1127.78690+0.10,  1146.65850     ,  0.00000
1131.29800     ,  1130.02035+0.10,  1139.76640     ,  0.00000
1134.98147+0.17,  1137.19514+0.10,  1138.99480     ,  0.00000
1132.37088+0.15,  1128.77600+0.10,  1138.27328-0.05,  0.00000
1129.84093+0.19,  1129.16550+0.10,  1143.99588+0.05,  0.00000
1131.35913+0.07,     0.00000     ,  1142.01678     ,  0.00000
1132.00243     ,     0.00000     ,  1142.16633     ,  0.00000
1129.16098     ,     0.00000     ,  1140.70523     ,  0.00000
1133.59208+0.06,     0.00000     ,  1139.18363     ,  0.00000
1135.15313+0.05,     0.00000     ,  1140.40883-0.05,  0.00000
1135.56688+0.09,     0.00000     ,  1142.74828+0.03,  0.00000
1141.73113+0.15,     0.00000     ,  1143.00008     ,  0.00000
1138.46583     ,     0.00000     ,  1143.07513     ,  0.00000
   0.00000     ,     0.00000     ,  1143.18274-0.05,  0.00000
;;                                                                  
  hscin_pos_ped_limit = 2000,2000,2000,2000
                        2000,2000,2000,2000
                        2000,2000,2000,2000
                        2000,2000,2000,2000
                        2000,2000,2000,2000
                        2000,2000,2000,2000
                        2000,2000,2000,2000
                        2000,2000,2000,2000
                        2000,2000,2000,2000
                        2000,2000,2000,2000
                        2000,2000,2000,2000
                        2000,2000,2000,2000
                        2000,2000,2000,2000
                        2000,2000,2000,2000
                        2000,2000,2000,2000
                        2000,2000,2000,2000
                        2000,2000,2000,2000
                        2000,2000,2000,2000

;                                                                             
  hscin_neg_ped_limit = 2000,2000,2000,2000               
                        2000,2000,2000,2000
                        2000,2000,2000,2000
                        2000,2000,2000,2000
                        2000,2000,2000,2000
                        2000,2000,2000,2000
                        2000,2000,2000,2000
                        2000,2000,2000,2000
                        2000,2000,2000,2000
                        2000,2000,2000,2000
                        2000,2000,2000,2000
                        2000,2000,2000,2000
                        2000,2000,2000,2000
                        2000,2000,2000,2000
                        2000,2000,2000,2000
                        2000,2000,2000,2000
                        2000,2000,2000,2000
                        2000,2000,2000,2000

hscin_f1tdc_gate_width = 64937                                      
                                    
