; center of allowed time window      

   hstart_time_center = 15.                                       

; 1/2 width of time window                             

   hstart_time_slop = 30.

   hscin_adc_min = 500
   hscin_adc_max = 8192
   hscin_tdc_min = 10000
   hscin_tdc_max = 50000

   hscin_tdc_to_time = 0.0566
                                                                               
;;; All the following taken from hhodo.param                                   
; hks_tof_params                                                               
 
 hnum_scin_counters=17, 9, 18, 1              
; are all calculated within h_init_scin                                
;    hhodo_pos_coord and hhodo_neg_coord are not yet used                
;                                                                            
     hscin_slope     =   2.0,  1.0,  3.0, 1.0
;                                                                      
; Updated from HKS run 55677        L.Y. 06/26/05   
     hscin_vel_light =  -14.5, -15.0, 14.5, 14.5              
                         14.5, -15.0, 14.5, 14.5                    
                         14.5, -15.0, 14.5, 14.5                   
                         14.5, -15.0, 14.5, 14.5              
                         14.5, -15.0, 14.5, 14.5                    
                         14.5, -15.0, 14.5, 14.5                   
                         14.5, -15.0, 14.5, 14.5                    
                         14.5, -15.0, 14.5, 14.5                   
                         14.5, -15.0, 14.5, 14.5              
                         14.5, -15.0, 14.5, 14.5                    
                         14.5, -15.0, 14.5, 14.5   
                         14.5, -15.0,-14.5,-14.5                    
                         14.5, -15.0, 14.5, 14.5                   
                         14.5, -15.0, 14.5, 14.5              
                         14.5, -15.0, 14.5, 14.5                    
                         14.5, -15.0, 14.5, 14.5   
                         14.5, -15.0, 14.5, 14.5                    
                         14.5, -15.0, 14.5, 14.5  
;                                                                              
      hscin_pos_sigma = .3, 5.,.3, 5.

;                                                                              
      hscin_neg_sigma = .3, 5.,.3, 5.

;
hscin_pos_minph =   0.0,   0.0,   0.0,   0.0
                    0.0,   0.0,   0.0,   0.0
                    0.0,   0.0,   0.0,   0.0
                    0.0,   0.0,   0.0,   0.0
                    0.0,   0.0,   0.0,   0.0
                    0.0,   0.0,   0.0,   0.0
                    0.0,   0.0,   0.0,   0.0
                    0.0,   0.0,   0.0,   0.0
                    0.0,   0.0,   0.0,   0.0
                    0.0,   0.0,   0.0,   0.0
                    0.0,   0.0,   0.0,   0.0
                    0.0,   0.0,   0.0,   0.0
                    0.0,   0.0,   0.0,   0.0
                    0.0,   0.0,   0.0,   0.0
                    0.0,   0.0,   0.0,   0.0
                    0.0,   0.0,   0.0,   0.0
                    0.0,  -2.0,   0.0,   0.0
                    0.0,   0.0,   0.0,   0.0
hscin_neg_minph =   0.0,   0.0,   0.0,   0.0
                    0.0,   0.0,   0.0,   0.0
                    0.0,   0.0,   0.0,   0.0
                    0.0,   0.0,   0.0,   0.0
                    0.0,   0.1,   0.0,   0.0
                    0.1,   0.0,   0.0,   0.0
                    0.0,   0.0,   0.0,   0.0
                    0.0,   0.0,   0.0,   0.0
                    0.0,   0.0,   0.0,   0.0
                    0.0,   0.0,   0.0,   0.0
                    0.0,   0.0,   0.0,   0.0
                    0.0,   0.0,   4.7,   4.7
                    0.0,   0.0,   0.0,   0.0
                    0.0,  -2.0,   0.0,   0.0
                    0.0,   0.0,   0.0,   0.0
                    0.0,   0.0,   0.0,   0.0
                    0.0,   0.0,   0.0,   0.0
                    0.0,   0.0,   0.0,   0.0
hscin_pos_phc_coeff = 
-2.154e+01, -5.434e+02,  2.000e+03, 8.228e+02
-5.205e+00, -5.434e+02,  1.227e+03, 0.000e+00
2.180e+02, -5.434e+02,  8.652e+02, 0.000e+00
-1.177e+01, -5.434e+02,  8.011e+02, 0.000e+00
-5.832e+02, -5.434e+02,  1.058e+03, 0.000e+00
4.331e+01, -5.434e+02,  1.087e+03, 0.000e+00
1.097e+02, -5.434e+02,  1.241e+03, 0.000e+00
3.322e+02, -5.434e+02,  1.246e+03, 0.000e+00
-7.908e+00, -5.434e+02,  1.311e+03, 0.000e+00
-6.539e+01, 0.000e+00,  1.169e+03, 0.000e+00
8.823e+02, 0.000e+00,  8.436e+02, 0.000e+00
-7.034e+01, 0.000e+00,  1.078e+03, 0.000e+00
1.568e+03, 0.000e+00,  1.192e+03, 0.000e+00
8.160e+02, 0.000e+00,  1.590e+03, 0.000e+00
2.000e+03, 0.000e+00,  1.159e+03, 0.000e+00
1.477e+03, 0.000e+00,  1.314e+03, 0.000e+00
-5.434e+02, 0.000e+00,  2.000e+03, 0.000e+00
0.000e+00, 0.000e+00,  8.228e+02, 0.000e+00

hscin_neg_phc_coeff  = 
5.763e+02, -5.520e+01, 1.345e+03, 1.290e+03
3.935e+02, -5.520e+01, 1.302e+03, 0.000e+00
1.007e+02, -5.520e+01, 8.544e+02, 0.000e+00
4.954e+02, -5.520e+01, 9.773e+02, 0.000e+00
-5.925e+02, -5.520e+01, 1.475e+03, 0.000e+00
1.398e+02, -5.520e+01, 1.425e+03, 0.000e+00
1.390e+02, -5.520e+01, 1.560e+03, 0.000e+00
8.889e+01, -5.520e+01, 1.416e+03, 0.000e+00
1.402e+02, -5.520e+01, 1.208e+03, 0.000e+00
7.317e+01, 0.000e+00, 1.315e+03, 0.000e+00
3.881e+02, 0.000e+00, 7.065e+02, 0.000e+00
3.734e+02, 0.000e+00, 1.285e+03, 0.000e+00
9.783e+02, 0.000e+00, 1.205e+03, 0.000e+00
2.617e+02, 0.000e+00, 1.309e+03, 0.000e+00
4.657e+02, 0.000e+00, 1.348e+03, 0.000e+00
-3.377e+01, 0.000e+00, 1.284e+03, 0.000e+00
-5.520e+01, 0.000e+00, 1.580e+03, 0.000e+00
0.000e+00, 0.000e+00, 1.290e+03, 0.000e+00

hscin_pos_time_offset = 
1.95103e+04-9.0 , 1.94693e+04, 1.97117e+04-6.1 , 1.96851e+04
1.95511e+04-9.2 , 1.94693e+04, 1.97260e+04-18.3, 0.00000e+00
1.95023e+04-3.2 , 1.94693e+04, 1.97831e+04-14.5, 0.00000e+00
1.95169e+04-10.5, 1.94693e+04, 1.97749e+04-14.4, 0.00000e+00
1.96322e+04-161., 1.94693e+04, 1.97818e+04-29.0, 0.00000e+00
1.95211e+04-10.8, 1.94693e+04, 1.96334e+04-19.3, 0.00000e+00
1.94493e+04-1.1 , 1.94693e+04, 1.96398e+04-12.2, 0.00000e+00
1.95339e+04-10. , 1.94693e+04, 1.96369e+04-14.0, 0.00000e+00
1.95103e+04-9.8 , 1.94693e+04, 1.96715e+04-19.0, 0.00000e+00
1.94948e+04-5.7 , 0.00000e+00, 1.96847e+04-17.1,  0.00000e+00
1.95858e+04-152 , 0.00000e+00, 1.96713e+04-35.3, 0.00000e+00
1.95196e+04-7.4 , 0.00000e+00, 1.96670e+04-28.9, 0.00000e+00
1.95994e+04-178 , 0.00000e+00, 1.97196e+04-31.0, 0.00000e+00
1.94279e+04-3.6 , 0.00000e+00, 1.96857e+04+7.5 , 0.00000e+00
1.95023e+04-83. , 0.00000e+00, 1.96761e+04+16.6, 0.00000e+00
1.93242e+04+3.7 , 0.00000e+00, 1.97019e+04-13.9, 0.00000e+00
1.94693e+04-5.4 , 0.00000e+00, 1.96796e+04-5.4 , 0.00000e+00
0.00000e+00, 	   0.00000e+00, 1.96851e+04-24.8 , 0.00000e+00

hscin_neg_time_offset =  
1.94332e+04+4.1 , 1.94691e+04, 1.96721e+04-14.3, 1.96973e+04
1.94681e+04-1.8 , 1.94691e+04, 1.96368e+04-15.0, 0.00000e+00
1.94433e+04+10.5, 1.94691e+04, 1.98049e+04-17.4, 0.00000e+00
1.94387e+04-1.5 , 1.94691e+04, 1.97194e+04-16.9, 0.00000e+00
1.95674e+04-91.3, 1.94691e+04, 1.97974e+04-18.3, 0.00000e+00
1.94739e+04-1.5 , 1.94691e+04, 1.96718e+04-13.9, 0.00000e+00
1.94705e+04-8.4 , 1.94691e+04, 1.96491e+04-9.9 , 0.00000e+00
1.95365e+04-9.3 , 1.94691e+04, 1.96411e+04-13.3, 0.00000e+00
1.94514e+04+0.3 , 1.94691e+04, 1.97493e+04-20.5, 0.00000e+00
1.94514e+04-2.5 , 0.00000e+00, 1.97099e+04-35  , 0.00000e+00
1.94971e+04-71. , 0.00000e+00, 1.97319e+04-35  , 0.00000e+00
1.94604e+04-1.8 , 0.00000e+00, 1.96828e+04-19.4, 0.00000e+00
1.94600e+04-35  , 0.00000e+00, 1.96576e+04-25.4, 0.00000e+00
1.94751e+04-2.5 , 0.00000e+00, 1.96414e+04+17.5, 0.00000e+00
1.96673e+04-186 , 0.00000e+00, 1.96991e+04+14.0, 0.00000e+00
1.94999e+04-8.8 , 0.00000e+00, 1.96951e+04-15.9, 0.00000e+00
1.94691e+04-3.2 , 0.00000e+00, 1.96871e+04-12.9, 0.00000e+00
0.00000e+00     , 0.00000e+00, 1.96973e+04-31  , 0.00000e+00
;;                                                                   
  hscin_pos_ped_limit = 0,0,0,0
                        0,0,0,0
                        0,0,0,0
                        0,0,0,0
                        0,0,0,0
                        0,0,0,0
                        0,0,0,0
                        0,0,0,0
                        0,0,0,0
                        0,0,0,0
                        0,0,0,0
                        0,0,0,0
                        0,0,0,0
                        0,0,0,0
                        0,0,0,0
                        0,0,0,0
                        0,0,0,0
                        0,0,0,0

;                                                                             
  hscin_neg_ped_limit = 0,0,0,0               
                        0,0,0,0               
                        0,0,0,0
                        0,0,0,0
                        0,0,0,0
                        0,0,0,0
                        0,0,0,0
                        0,0,0,0
                        0,0,0,0
                        0,0,0,0
                        0,0,0,0
                        0,0,0,0
                        0,0,0,0
                        0,0,0,0
                        0,0,0,0
                        0,0,0,0
                        0,0,0,0
                        0,0,0,0

hscin_f1tdc_gate_width = 64937                                      
                                    
