; center of allowed time window      

   hstart_time_center = -64.82                                       
   h1start_time_center=-71.46
   h2start_time_center=-67.81
; 1/2 width of time window                             

   hstart_time_slop = 30.0

   hscin_adc_min = 500
;   hscin_adc_max = 8192
   hscin_adc_max = 10000
;   hscin_tdc_min = 10000
;   hscin_tdc_max = 50000
   hscin_tdc_min = 18000
   hscin_tdc_max = 20500

   hscin_tdc_to_time = 0.0566
                                                                               
;;; All the following taken from hhodo.param                                   
; hks_tof_params                                                               
 
 hnum_scin_counters=17, 9, 18, 1              
; are all calculated within h_init_scin                                
;    hhodo_pos_coord and hhodo_neg_coord are not yet used                
;                                                                            
     hscin_slope     =   2.0,  1.0,  3.0, 1.0
;                                                                      
; Updated from HKS run 55677        L.Y. 06/26/05   
     hscin_vel_light =  14.5, 15.5, 14.5, 14.5              
                        14.5, 15.5, 14.5, 14.5                    
                        14.5, 15.5, 14.5, 14.5                   
                        14.5, 15.5, 14.5, 14.5              
                        14.5, 15.5, 14.5, 14.5                    
                        14.5, 15.5, 14.5, 14.5                   
                        14.5, 15.5, 14.5, 14.5                    
                        14.5, 15.5, 14.5, 14.5                   
                        14.5, 15.5, 14.5, 14.5              
                        14.5, 15.5, 14.5, 14.5                    
                        14.5, 15.5, 14.5, 14.5   
                        14.5, 15.5, 14.5, 14.5                    
                        14.5, 15.5, 14.5, 14.5                   
                        14.5, 15.5, 14.5, 14.5              
                        14.5, 15.5, 14.5, 14.5                    
                        14.5, 15.5, 14.5, 14.5   
                        14.5, 15.5, 14.5, 14.5                    
                        14.5, 15.5, 14.5, 14.5  
;                                                                             
      hscin_pos_sigma = .3, 0.5,.3, 5.

;                                                                             
      hscin_neg_sigma = .3, 0.5, .3, 5.

;
hscin_pos_minph =   0.0,   0.0,   0.0,   0.0
                    0.0,   0.0,   0.0,   0.0
                    0.0,   0.0,   0.0,   0.0
                    0.0,   0.0,   0.0,   0.0
                    0.0,   0.0,   0.0,   0.0
                    0.0,   0.0,   0.0,   0.0
                    0.0,   0.0,   0.0,   0.0
                    0.0,   0.0,   0.0,   0.0
                    0.0,   0.0,   0.0,   0.0
                    0.0,   0.0,   0.0,   0.0
                    0.0,   0.0,   0.0,   0.0
                    0.0,   0.0,   0.0,   0.0
                    0.0,   0.0,   0.0,   0.0
                    0.0,   0.0,   0.0,   0.0
                    0.0,   0.0,   0.0,   0.0
                    0.0,   0.0,   0.0,   0.0
                    0.0,  -2.0,   0.0,   0.0
                    0.0,   0.0,   0.0,   0.0
hscin_neg_minph =   0.0,   0.0,   0.0,   0.0
                    0.0,   0.0,   0.0,   0.0
                    0.0,   0.0,   0.0,   0.0
                    0.0,   0.0,   0.0,   0.0
                    0.0,   0.1,   0.0,   0.0
                    0.1,   0.0,   0.0,   0.0
                    0.0,   0.0,   0.0,   0.0
                    0.0,   0.0,   0.0,   0.0
                    0.0,   0.0,   0.0,   0.0
                    0.0,   0.0,   0.0,   0.0
                    0.0,   0.0,   0.0,   0.0
                    0.0,   0.0,   4.7,   4.7
                    0.0,   0.0,   0.0,   0.0
                    0.0,  -2.0,   0.0,   0.0
                    0.0,   0.0,   0.0,   0.0
                    0.0,   0.0,   0.0,   0.0
                    0.0,   0.0,   0.0,   0.0
                    0.0,   0.0,   0.0,   0.0
hscin_pos_phc_coeff=  1.092E+03, 1.221E+03,  1.905E+03, 2.000E+03           
                      1.338E+03, 1.398E+03,  1.382E+03, 0.000E+00      
                      1.240E+03, 1.477E+03,  1.615E+03, 0.000E+00           
                      1.261E+03, 1.351E+03,  1.572E+03, 0.000E+00             
                      1.313E+03, 1.400E+03,  1.308E+03, 0.000E+00           
                      1.201E+03, 1.298E+03,  1.477E+03, 0.000E+00           
                      1.203E+03, 1.203E+03,  1.651E+03, 0.000E+00           
                      1.387E+03, 1.267E+03,  1.509E+03, 0.000E+00          
                      1.442E+03, 1.203E+03,  1.922E+03, 0.000E+00            
                      1.271E+03, 0.000E+00,  1.533E+03, 0.000E+00           
                      1.188E+03, 0.000E+00,  1.561E+03, 0.000E+00           
                      1.156E+03, 0.000E+00,  1.502E+03, 0.000E+00           
                      1.229E+03, 0.000E+00,  1.483E+03, 0.000E+00            
                      1.350E+03, 0.000E+00,  1.741E+03, 0.000E+00           
                      1.444E+03, 0.000E+00,  1.290E+03, 0.000E+00              
                      1.318E+03, 0.000E+00,  1.691E+03, 0.000E+00           
                      1.448E+03, 0.000E+00,  1.812E+03, 0.000E+00           
                      0.000E+00, 0.000E+00,  1.760E+03, 0.000E+00            


hscin_neg_phc_coeff=  1.349E+03, 1.313E+03,  1.257E+03, 2.600E+03            
                      1.112E+03, 1.202E+03,  1.558E+03, 0.000E+00           
                      1.291E+03, 1.271E+03,  1.422E+03, 0.000E+00           
                      1.424E+03, 1.194E+03,  1.651E+03, 0.000E+00           
                      1.548E+03, 1.407E+03,  1.459E+03, 0.000E+00          
                      1.512E+03, 1.501E+03,  1.326E+03, 0.000E+00              
                      1.454E+03, 1.459E+03,  1.633E+03, 0.000E+00           
                      1.187E+03, 1.449E+03,  1.662E+03, 0.000E+00           
                      1.449E+03, 1.370E+03,  1.270E+03, 0.000E+00           
                      1.209E+03, 0.000E+00,  1.749E+03, 0.000E+00           
                      1.207E+03, 0.000E+00,  1.538E+03, 0.000E+00           
                      1.428E+03, 0.000E+00,  1.735E+03, 0.000E+00            
                      1.327E+03, 0.000E+00,  1.607E+03, 0.000E+00            
                      1.577E+03, 0.000E+00,  1.385E+03, 0.000E+00          
                      1.429E+03, 0.000E+00,  1.822E+03, 0.000E+00          
                      1.474E+03, 0.000E+00,  1.671E+03, 0.000E+00          
                      1.656E+03, 0.000E+00,  1.643E+03, 0.000E+00          
                      0.000E+00, 0.000E+00,  1.752E+03, 0.000E+00           

hscin_pos_time_offset =1131.3691,1131.2275,1138.7340,1128.0000
                       1130.8552,1132.8301,1138.7214,   0.0000
                       1130.5126,1133.0126,1141.2665,  -1.5252
                       1131.5472,1134.0782,1140.4850,   0.0000
                       1128.8824,1130.4484,1141.3230,   0.0000
                       1131.1125,1129.3840,1133.6002,   0.0000
                       1131.1090,1125.8405,1134.4700,   0.0000
                       1129.4156,1129.0427,1134.4132,   0.0000
                       1131.3495,1129.4429,1136.0444,   0.0000
                       1131.5105,   0.0000,1136.7880,   0.0000
                       1134.9669,   0.0000,1135.3466,   0.0000
                       1129.8423,   0.0000,1135.9198,   0.0000
                       1127.6261,   0.0000,1139.1321,   0.0000
                       1130.1299,   0.0000,1139.3473,  -1.5252
                       1126.5946,   0.0000,1138.0190,   0.0000
                       1129.9657,   0.0000,1139.7355,  -1.5252
                       1134.3365,   0.0000,1139.6537,   0.0000
                          0.0000,   0.0000,1137.8767,   0.0000
hscin_neg_time_offset =1127.3085,1126.6996,1136.3276,1128.0000
                       1126.7238,1126.7305,1133.7745,   0.0000
                       1126.9321,1125.0336,1142.7932,   0.0000
                       1126.9524,1124.8683,1137.5009,   0.0000
                       1124.8372,1128.7422,1143.1370,  -1.5251
                       1128.2593,1130.3267,1136.5059,   0.0000
                       1131.5144,1137.5021,1135.3789,   0.0000
                       1129.4302,1129.5114,1134.6041,   0.0000
                       1126.9326,1129.7887,1140.9442,   0.0000
                       1128.2151,   0.0000,1138.1520,   0.0000
                       1128.6600,   0.0000,1138.7192,   0.0000
                       1125.5518,   0.0000,1136.9069,   0.0000
                       1130.4850,   0.0000,1135.5255,   0.0000
                       1131.5575,   0.0000,1136.8905,   0.0000
                       1132.1960,   0.0000,1139.0557,   0.0000
                       1138.2805,  -1.5252,1139.1525,   0.0000
                       1134.4327,   0.0000,1139.3805,   0.0000
                          0.0000,   0.0000,1139.0835,   0.0000
;;                                                                   
  hscin_pos_ped_limit = 0,0,0,0
                        0,0,0,0
                        0,0,0,0
                        0,0,0,0
                        0,0,0,0
                        0,0,0,0
                        0,0,0,0
                        0,0,0,0
                        0,0,0,0
                        0,0,0,0
                        0,0,0,0
                        0,0,0,0
                        0,0,0,0
                        0,0,0,0
                        0,0,0,0
                        0,0,0,0
                        0,0,0,0
                        0,0,0,0

;                                                                             
  hscin_neg_ped_limit = 0,0,0,0               
                        0,0,0,0               
                        0,0,0,0
                        0,0,0,0
                        0,0,0,0
                        0,0,0,0
                        0,0,0,0
                        0,0,0,0
                        0,0,0,0
                        0,0,0,0
                        0,0,0,0
                        0,0,0,0
                        0,0,0,0
                        0,0,0,0
                        0,0,0,0
                        0,0,0,0
                        0,0,0,0
                        0,0,0,0

hscin_f1tdc_gate_width = 64937                                      
                                    
