; center of allowed time window      

   hstart_time_center = 15.                                       
   h1start_time_center=-71.46
   h2start_time_center=-67.81
; 1/2 width of time window                             

   hstart_time_slop = 30.

   hscin_adc_min = 500
   hscin_adc_max = 8192
   hscin_tdc_min = 10000
   hscin_tdc_max = 50000
;   hscin_tdc_min = 18000
;   hscin_tdc_max = 20500


   hscin_tdc_to_time = 0.0566
                                                                               
;;; All the following taken from hhodo.param                                   
; hks_tof_params                                                               
 
 hnum_scin_counters=17, 9, 18, 1              
; are all calculated within h_init_scin                                
;    hhodo_pos_coord and hhodo_neg_coord are not yet used                
;                                                                            
     hscin_slope     =   2.0,  1.0,  3.0, 1.0
;                                                                      
; Updated from HKS run 55677        L.Y. 06/26/05   
     hscin_vel_light =  14.5, -15.0, 14.5, 14.5              
                        14.5, -15.0, 14.5, 14.5                    
                        14.5, -15.0, 14.5, 14.5                   
                        14.5, -15.0, 14.5, 14.5              
                        14.5, -15.0, 14.5, 14.5                    
                        14.5, -15.0, 14.5, 14.5                   
                        14.5, -15.0, 14.5, 14.5                    
                        14.5, -15.0, 14.5, 14.5                   
                        14.5, -15.0, 14.5, 14.5              
                        14.5, -15.0, 14.5, 14.5                    
                        14.5, -15.0, 14.5, 14.5   
                        14.5, -15.0, 14.5, 14.5                    
                        14.5, -15.0, 14.5, 14.5                   
                        14.5, -15.0, 14.5, 14.5              
                        14.5, -15.0, 14.5, 14.5                    
                        14.5, -15.0, 14.5, 14.5   
                        14.5, -15.0, 14.5, 14.5                    
                        14.5, -15.0, 14.5, 14.5  
;                                                                              
      hscin_pos_sigma = .3, 5.,.3, 5.

;                                                                              
      hscin_neg_sigma = .3, 5.,.3, 5.

;
hscin_pos_minph =   0.0,   0.0,   0.0,   0.0
                    0.0,   0.0,   0.0,   0.0
                    0.0,   0.0,   0.0,   0.0
                    0.0,   0.0,   0.0,   0.0
                    0.0,   0.0,   0.0,   0.0
                    0.0,   0.0,   0.0,   0.0
                    0.0,   0.0,   0.0,   0.0
                    0.0,   0.0,   0.0,   0.0
                    0.0,   0.0,   0.0,   0.0
                    0.0,   0.0,   0.0,   0.0
                    0.0,   0.0,   0.0,   0.0
                    0.0,   0.0,   0.0,   0.0
                    0.0,   0.0,   0.0,   0.0
                    0.0,   0.0,   0.0,   0.0
                    0.0,   0.0,   0.0,   0.0
                    0.0,   0.0,   0.0,   0.0
                    0.0,  -2.0,   0.0,   0.0
                    0.0,   0.0,   0.0,   0.0
hscin_neg_minph =   0.0,   0.0,   0.0,   0.0
                    0.0,   0.0,   0.0,   0.0
                    0.0,   0.0,   0.0,   0.0
                    0.0,   0.0,   0.0,   0.0
                    0.0,   0.1,   0.0,   0.0
                    0.1,   0.0,   0.0,   0.0
                    0.0,   0.0,   0.0,   0.0
                    0.0,   0.0,   0.0,   0.0
                    0.0,   0.0,   0.0,   0.0
                    0.0,   0.0,   0.0,   0.0
                    0.0,   0.0,   0.0,   0.0
                    0.0,   0.0,   4.7,   4.7
                    0.0,   0.0,   0.0,   0.0
                    0.0,  -2.0,   0.0,   0.0
                    0.0,   0.0,   0.0,   0.0
                    0.0,   0.0,   0.0,   0.0
                    0.0,   0.0,   0.0,   0.0
                    0.0,   0.0,   0.0,   0.0
hscin_pos_phc_coeff =
1.092E+03, 1.221E+03,  1.905E+03, 2.000E+03
1.338E+03, 1.398E+03,  1.382E+03, 0.000E+00
1.240E+03, 1.477E+03,  1.615E+03, 0.000E+00
1.261E+03, 1.351E+03,  1.572E+03, 0.000E+00
1.313E+03, 1.400E+03,  1.308E+03, 0.000E+00
1.201E+03, 1.298E+03,  1.477E+03, 0.000E+00
1.203E+03, 1.203E+03,  1.651E+03, 0.000E+00
1.387E+03, 1.267E+03,  1.509E+03, 0.000E+00
1.442E+03, 1.203E+03,  1.922E+03, 0.000E+00
1.271E+03, 0.000E+00,  1.533E+03, 0.000E+00
1.188E+03, 0.000E+00,  1.561E+03, 0.000E+00
1.156E+03, 0.000E+00,  1.502E+03, 0.000E+00
1.229E+03, 0.000E+00,  1.483E+03, 0.000E+00
1.350E+03, 0.000E+00,  1.741E+03, 0.000E+00
1.444E+03, 0.000E+00,  1.290E+03, 0.000E+00
1.318E+03, 0.000E+00,  1.691E+03, 0.000E+00
1.448E+03, 0.000E+00,  1.812E+03, 0.000E+00
0.000E+00, 0.000E+00,  1.760E+03, 0.000E+00

hscin_neg_phc_coeff  = 
1.349E+03, 1.313E+03,  1.257E+03, 2.600E+03
1.112E+03, 1.202E+03,  1.558E+03, 0.000E+00
1.291E+03, 1.271E+03,  1.422E+03, 0.000E+00
1.424E+03, 1.194E+03,  1.651E+03, 0.000E+00
1.548E+03, 1.407E+03,  1.459E+03, 0.000E+00
1.512E+03, 1.501E+03,  1.326E+03, 0.000E+00
1.454E+03, 1.459E+03,  1.633E+03, 0.000E+00
1.187E+03, 1.449E+03,  1.662E+03, 0.000E+00
1.449E+03, 1.370E+03,  1.270E+03, 0.000E+00
1.209E+03, 0.000E+00,  1.749E+03, 0.000E+00
1.207E+03, 0.000E+00,  1.538E+03, 0.000E+00
1.428E+03, 0.000E+00,  1.735E+03, 0.000E+00
1.327E+03, 0.000E+00,  1.607E+03, 0.000E+00
1.577E+03, 0.000E+00,  1.385E+03, 0.000E+00
1.429E+03, 0.000E+00,  1.822E+03, 0.000E+00
1.474E+03, 0.000E+00,  1.671E+03, 0.000E+00
1.656E+03, 0.000E+00,  1.643E+03, 0.000E+00
0.000E+00, 0.000E+00,  1.752E+03, 0.000E+00

hscin_pos_time_offset = 
  20131.7424,  20119.8443,  20373.6074,  20395.6254
  20110.8244,  20226.3151,  20361.3544,  0
  20111.9374,  20223.9129,  20412.7294,  0
  20136.2824,  20246.9465,  20396.0724,  0
  20099.3024,  20160     ,  20408.9674,  0
  20135.4174,  20143.8261,  20275.6884,  0
  20134.9224,  20105.9086,  20292.3684,  0
  20110.0034,  20158.4131,  20289.1824,  0
  20134.6244,  20120.5363,  20325.4984,  0
  20149.3054,  0         ,  20328.3954,  0
  20201.3474,  0         ,  20305.4204,  0
  20113.4314,  0         ,  20312.8744,  0
  20282.1882,  0         ,  20372.1044,  0
  20116.6207,  0         ,  20383.9337,  0
  20062.5157,  0         ,  20351.8087,  0
  20113.7257,  0         ,  20391.3097,  0
  20189.5267,  0         ,  20386.2217,  0
  0         ,  0         ,  20352.1607   0

hscin_neg_time_offset =  
  20058.7424,  20064.8443,  20302.6074,  20394.6254
  20025.8244,  20106.3151,  20274.3544,  0
  20032.9374,  20054.9129,  20430.7294,  0
  20051.2824,  20083.9465,  20339.0724,  0
  20009.3024,  20160     ,  20439.9674,  0
  20077.4174,  20195.8261,  20318.6884,  0
  20134.9224,  20294.9086,  20297.3684,  0
  20090.0034,  20148.4131,  20287.1824,  0
  20057.6244,  20204.5363,  20390.4984,  0
  20079.3054,  0         ,  20352.3954,  0
  20091.3474,  0         ,  20359.4204,  0
  20038.4314,  0         ,  20329.8744,  0
  20247.1882,  0         ,  20306.1044,  0
  20146.6207,  0         ,  20322.9337,  0
  20152.5157,  0         ,  20371.8087,  0
  20266.7257,  0         ,  20364.3097,  0
  20204.5267,  0         ,  20372.2217,  0
  0         ,  0         ,  20373.1607,  0
;;                                                                   
  hscin_pos_ped_limit = 0,0,0,0
                        0,0,0,0
                        0,0,0,0
                        0,0,0,0
                        0,0,0,0
                        0,0,0,0
                        0,0,0,0
                        0,0,0,0
                        0,0,0,0
                        0,0,0,0
                        0,0,0,0
                        0,0,0,0
                        0,0,0,0
                        0,0,0,0
                        0,0,0,0
                        0,0,0,0
                        0,0,0,0
                        0,0,0,0

;                                                                             
  hscin_neg_ped_limit = 0,0,0,0               
                        0,0,0,0               
                        0,0,0,0
                        0,0,0,0
                        0,0,0,0
                        0,0,0,0
                        0,0,0,0
                        0,0,0,0
                        0,0,0,0
                        0,0,0,0
                        0,0,0,0
                        0,0,0,0
                        0,0,0,0
                        0,0,0,0
                        0,0,0,0
                        0,0,0,0
                        0,0,0,0
                        0,0,0,0

hscin_f1tdc_gate_width = 64937                                      
                                    
