; center of allowed time window      

   hstart_time_center = -65.0                                       
   h1start_time_center=-71.46
   h2start_time_center=-67.81
; 1/2 width of time window                             

   hstart_time_slop = 30.0

   hscin_adc_min = 0
;   hscin_adc_max = 8192
   hscin_adc_max = 10000
;   hscin_tdc_min = 10000
;   hscin_tdc_max = 50000
   hscin_tdc_min = 18000
   hscin_tdc_max = 20500

   hscin_tdc_to_time = 0.0566
                                                                               
;;; All the following taken from hhodo.param                                   
; hks_tof_params                                                               
 
 hnum_scin_counters=17, 9, 18, 1              
; are all calculated within h_init_scin                                
;    hhodo_pos_coord and hhodo_neg_coord are not yet used                
;                                                                            
     hscin_slope     =   2.0,  1.0,  3.0, 1.0
;                                                                      
; Updated from HKS run 55677        L.Y. 06/26/05   
     hscin_vel_light =  14.5, 15.5, 14.5, 14.5              
                        14.5, 15.5, 14.5, 14.5                    
                        14.5, 15.5, 14.5, 14.5                   
                        14.5, 15.5, 14.5, 14.5              
                        14.5, 15.5, 14.5, 14.5                    
                        14.5, 15.5, 14.5, 14.5                   
                        14.5, 15.5, 14.5, 14.5                    
                        14.5, 15.5, 14.5, 14.5                   
                        14.5, 15.5, 14.5, 14.5              
                        14.5, 15.5, 14.5, 14.5                    
                        14.5, 15.5, 14.5, 14.5   
                        14.5, 15.5, 14.5, 14.5                    
                        14.5, 15.5, 14.5, 14.5                   
                        14.5, 15.5, 14.5, 14.5              
                        14.5, 15.5, 14.5, 14.5                    
                        14.5, 15.5, 14.5, 14.5   
                        14.5, 15.5, 14.5, 14.5                    
                        14.5, 15.5, 14.5, 14.5  
;                                                                             
      hscin_pos_sigma = .3, 0.5,.3, 5.

;                                                                             
      hscin_neg_sigma = .3, 0.5, .3, 5.

;
hscin_pos_minph =   0.0,   0.0,   0.0,   0.0
                    0.0,   0.0,   0.0,   0.0
                    0.0,   0.0,   0.0,   0.0
                    0.0,   0.0,   0.0,   0.0
                    0.0,   0.0,   0.0,   0.0
                    0.0,   0.0,   0.0,   0.0
                    0.0,   0.0,   0.0,   0.0
                    0.0,   0.0,   0.0,   0.0
                    0.0,   0.0,   0.0,   0.0
                    0.0,   0.0,   0.0,   0.0
                    0.0,   0.0,   0.0,   0.0
                    0.0,   0.0,   0.0,   0.0
                    0.0,   0.0,   0.0,   0.0
                    0.0,   0.0,   0.0,   0.0
                    0.0,   0.0,   0.0,   0.0
                    0.0,   0.0,   0.0,   0.0
                    0.0,  -2.0,   0.0,   0.0
                    0.0,   0.0,   0.0,   0.0
hscin_neg_minph =   0.0,   0.0,   0.0,   0.0
                    0.0,   0.0,   0.0,   0.0
                    0.0,   0.0,   0.0,   0.0
                    0.0,   0.0,   0.0,   0.0
                    0.0,   0.1,   0.0,   0.0
                    0.1,   0.0,   0.0,   0.0
                    0.0,   0.0,   0.0,   0.0
                    0.0,   0.0,   0.0,   0.0
                    0.0,   0.0,   0.0,   0.0
                    0.0,   0.0,   0.0,   0.0
                    0.0,   0.0,   0.0,   0.0
                    0.0,   0.0,   4.7,   4.7
                    0.0,   0.0,   0.0,   0.0
                    0.0,  -2.0,   0.0,   0.0
                    0.0,   0.0,   0.0,   0.0
                    0.0,   0.0,   0.0,   0.0
                    0.0,   0.0,   0.0,   0.0
                    0.0,   0.0,   0.0,   0.0
hscin_pos_phc_coeff=
1100,  650,  800,  0
850 ,  650,  650,  0
750 ,  600,  650,  0
750 ,  600,  750,  0
750 ,  600,  730,  0
750 ,  600,  650,  0
550 ,  600,  670,  0
630 ,  750,  600,  0
600 ,  680,  600,  0
650 ,  0  ,  580,  0
650 ,  0  ,  630,  0
650 ,  0  ,  640,  0
700 ,  0  ,  680,  0
650 ,  0  ,  650,  0
650 ,  0  ,  700,  0
700 ,  0  ,  680,  0
700 ,  0  ,  630,  0
0   ,  0  ,  650,  0

hscin_neg_phc_coeff=  
700,  650,  800,  0
750,  700,  650,  0
750,  600,  650,  0
720,  600,  750,  0
730,  800,  620,  0
740,  600,  650,  0
550,  600,  670,  0
630,  750,  600,  0
600,  680,  600,  0
650,  0  ,  580,  0
650,  0  ,  630,  0
650,  0  ,  640,  0
700,  0  ,  680,  0
650,  0  ,  650,  0
650,  0  ,  700,  0
700,  0  ,  680,  0
700,  0  ,  630,  0
0  ,  0  ,  700,  0

hscin_pos_phc_coeff2=
0     ,  0.0004,  0.00105,  0
0     ,  0.0009,  0.0015 ,  0
0     ,  0.001 ,  0.0015 ,  0
0     ,  0.0011,  0.0014 ,  0
0     ,  0.0004,  0.0015 ,  0
0     ,  0.001 ,  0.0014 ,  0
0.0017,  0.0012,  0.00142,  0
0.0013,  0.001 ,  0.0014 ,  0
0.0015,  0.001 ,  0.0015 ,  0
0.0013,  0     ,  0.0014 ,  0
0.0005,  0     ,  0.0013 ,  0
0.001 ,  0     ,  0.0013 ,  0
0.001 ,  0     ,  0.0011 ,  0
0.001 ,  0     ,  0.001  ,  0
0.0016,  0     ,  0.001  ,  0
0.0013,  0     ,  0.0012 ,  0
0.0005,  0     ,  0.0014 ,  0
0     ,  0     ,  0.001  ,  0

hscin_neg_phc_coeff2=
0     ,  0.0004,  0.00105,  0
0     ,  0.0009,  0.0015 ,  0
0     ,  0.001 ,  0.0015 ,  0
0     ,  0.0011,  0.0014 ,  0
0     ,  0.001 ,  0.00151,  0
0     ,  0.0012,  0.0014 ,  0
0.0017,  0.0008,  0.00142,  0
0.0013,  0.0009,  0.0014 ,  0
0.0015,  0.001 ,  0.0016 ,  0
0.0013,  0     ,  0.0014 ,  0
0.0005,  0     ,  0.0013 ,  0
0.001 ,  0     ,  0.0013 ,  0
0.001 ,  0     ,  0.0011 ,  0
0.001 ,  0     ,  0.001  ,  0
0.0012,  0     ,  0.0013 ,  0
0.0015,  0     ,  0.0012 ,  0
0.0005,  0     ,  0.0014 ,  0
0     ,  0     ,  0.0013 ,  0

hscin_pos_time_offset =
1131.80000, 1134.06228, 1140.84762, 1145.000
1130.79833, 1138.31430, 1139.83377, 0.00000
1130.91672, 1137.07081, 1145.78039, 0.00000
1132.20420, 1138.28324, 1142.75970, 0.00000
1129.95911, 1138.08550, 1145.81419, 0.00000
1132.77437, 1138.69821, 1138.69079, 0.00000
1134.80266, 1140.45879, 1138.78202, 0.00000
1132.68155, 1137.71396, 1138.40722, 0.00000
1132.63591, 1138.24705, 1142.38695, 0.00000
1133.26163,    0.00000, 1141.41063, 0.00000
1135.00141,    0.00000, 1140.73195, 0.00000
1131.11090,    0.00000, 1140.14412, 0.00000
1141.77524,    0.00000, 1140.98454, 0.00000
1134.27240,    0.00000, 1141.84442, 0.00000
1132.92218,    0.00000, 1142.10882, 0.00000
1137.44682,    0.00000, 1143.22833, 0.00000
1137.88231,    0.00000, 1143.40536, 0.00000
   0.00000,    0.00000, 1142.29963, 0.00000
          
hscin_neg_time_offset =
1131.80000, 1134.06228, 1140.84762, 1145.000
1130.79833, 1138.31430, 1139.83377, 0.00000
1130.91672, 1137.07081, 1145.78039, 0.00000
1132.20420, 1138.28324, 1142.75970, 0.00000
1129.95911, 1138.08550, 1145.81419, 0.00000
1132.77437, 1138.69821, 1138.69079, 0.00000
1134.80266, 1140.45879, 1138.78202, 0.00000
1132.68155, 1137.71396, 1138.40722, 0.00000
1132.63591, 1138.24705, 1142.38695, 0.00000
1133.26163,    0.00000, 1141.41063, 0.00000
1135.00141,    0.00000, 1140.73195, 0.00000
1131.11090,    0.00000, 1140.14412, 0.00000
1141.77524,    0.00000, 1140.98454, 0.00000
1134.27240,    0.00000, 1141.84442, 0.00000
1132.92218,    0.00000, 1142.10882, 0.00000
1137.44682,    0.00000, 1143.22833, 0.00000
1137.88231,    0.00000, 1143.40536, 0.00000
   0.00000,    0.00000, 1142.29963, 0.00000
          ;                                                        
  hscin_pos_ped_limit = 2000,2000,2000,2000
                        2000,2000,2000,2000
                        2000,2000,2000,2000
                        2000,2000,2000,2000
                        2000,2000,2000,2000
                        2000,2000,2000,2000
                        2000,2000,2000,2000
                        2000,2000,2000,2000
                        2000,2000,2000,2000
                        2000,2000,2000,2000
                        2000,2000,2000,2000
                        2000,2000,2000,2000
                        2000,2000,2000,2000
                        2000,2000,2000,2000
                        2000,2000,2000,2000
                        2000,2000,2000,2000
                        2000,2000,2000,2000
                        2000,2000,2000,2000

;                                                                             
  hscin_neg_ped_limit = 2000,2000,2000,2000               
                        2000,2000,2000,2000
                        2000,2000,2000,2000
                        2000,2000,2000,2000
                        2000,2000,2000,2000
                        2000,2000,2000,2000
                        2000,2000,2000,2000
                        2000,2000,2000,2000
                        2000,2000,2000,2000
                        2000,2000,2000,2000
                        2000,2000,2000,2000
                        2000,2000,2000,2000
                        2000,2000,2000,2000
                        2000,2000,2000,2000
                        2000,2000,2000,2000
                        2000,2000,2000,2000
                        2000,2000,2000,2000
                        2000,2000,2000,2000

hscin_f1tdc_gate_width = 64937                                      
                                    
