; center of allowed time window      

   hstart_time_center = 15.                                       
                                  
   h1start_time_center=-71.46
   h2start_time_center=-67.81
; 1/2 width of time window                             

   hstart_time_slop = 30.

   hscin_adc_min = 500
;   hscin_adc_max = 8192
   hscin_adc_max = 10000
   hscin_tdc_min = 18000
   hscin_tdc_max = 22000
;   hscin_tdc_min = 18000
;   hscin_tdc_max = 20500

   hscin_tdc_to_time = 0.0566
                                                                               
;;; All the following taken from hhodo.param                                   
; hks_tof_params                                                               
 
 hnum_scin_counters=17, 9, 18, 1              
; are all calculated within h_init_scin                                
;    hhodo_pos_coord and hhodo_neg_coord are not yet used                
;                                                                            
     hscin_slope     =   2.0,  1.0,  3.0, 1.0
;                                                                      
; Updated from HKS run 55677        L.Y. 06/26/05   
     hscin_vel_light =   14.5, -15.0, 14.5, 14.5              
                         14.5, -15.0, 14.5, 14.5                    
                         14.5, -15.0, 14.5, 14.5                   
                         14.5, -15.0, 14.5, 14.5              
                         14.5, -15.0, 14.5, 14.5                    
                         14.5, -15.0, 14.5, 14.5                   
                         14.5, -15.0, 14.5, 14.5                    
                         14.5, -15.0, 14.5, 14.5                   
                         14.5, -15.0, 14.5, 14.5              
                         14.5, -15.0, 14.5, 14.5                    
                         14.5, -15.0, 14.5, 14.5   
                         14.5, -15.0, 14.5, 14.5                    
                         14.5, -15.0, 14.5, 14.5                   
                         14.5, -15.0, 14.5, 14.5              
                         14.5, -15.0, 14.5, 14.5                    
                         14.5, -15.0, 14.5, 14.5   
                         14.5, -15.0, 14.5, 14.5                    
                         14.5, -15.0, 14.5, 14.5  
;                                                                              
      hscin_pos_sigma = .3, 5.,.3, 5.

;                                                                              
      hscin_neg_sigma = .3, 5.,.3, 5.

;
hscin_pos_minph =   0.0,   0.0,   0.0,   0.0
                    0.0,   0.0,   0.0,   0.0
                    0.0,   0.0,   0.0,   0.0
                    0.0,   0.0,   0.0,   0.0
                    0.0,   0.0,   0.0,   0.0
                    0.0,   0.0,   0.0,   0.0
                    0.0,   0.0,   0.0,   0.0
                    0.0,   0.0,   0.0,   0.0
                    0.0,   0.0,   0.0,   0.0
                    0.0,   0.0,   0.0,   0.0
                    0.0,   0.0,   0.0,   0.0
                    0.0,   0.0,   0.0,   0.0
                    0.0,   0.0,   0.0,   0.0
                    0.0,   0.0,   0.0,   0.0
                    0.0,   0.0,   0.0,   0.0
                    0.0,   0.0,   0.0,   0.0
                    0.0,  -2.0,   0.0,   0.0
                    0.0,   0.0,   0.0,   0.0
hscin_neg_minph =   0.0,   0.0,   0.0,   0.0
                    0.0,   0.0,   0.0,   0.0
                    0.0,   0.0,   0.0,   0.0
                    0.0,   0.0,   0.0,   0.0
                    0.0,   0.1,   0.0,   0.0
                    0.1,   0.0,   0.0,   0.0
                    0.0,   0.0,   0.0,   0.0
                    0.0,   0.0,   0.0,   0.0
                    0.0,   0.0,   0.0,   0.0
                    0.0,   0.0,   0.0,   0.0
                    0.0,   0.0,   0.0,   0.0
                    0.0,   0.0,   4.7,   4.7
                    0.0,   0.0,   0.0,   0.0
                    0.0,  -2.0,   0.0,   0.0
                    0.0,   0.0,   0.0,   0.0
                    0.0,   0.0,   0.0,   0.0
                    0.0,   0.0,   0.0,   0.0
                    0.0,   0.0,   0.0,   0.0
hscin_pos_phc_coeff = 
1.392E+03, 1.321E+03,  2.105E+03, 2.000E+03
1.738E+03, 1.598E+03,  1.382E+03, 0.000E+00
1.290E+03, 1.977E+03,  7.500E+02, 0.000E+00
1.291E+03, 2.031E+03,  1.912E+03, 0.000E+00
1.363E+03, 2.000E+03,  1.018E+03, 0.000E+00
1.251E+03, 1.788E+03,  1.197E+03, 0.000E+00
1.403E+03, 1.563E+03,  1.501E+03, 0.000E+00
1.737E+03, 1.757E+03,  1.479E+03, 0.000E+00
1.592E+03, 1.903E+03,  1.992E+03, 0.000E+00
1.291E+03, 0.000E+00,  1.653E+03, 0.000E+00
1.338E+03, 0.000E+00,  1.421E+03, 0.000E+00
1.486E+03, 0.000E+00,  1.752E+03, 0.000E+00
1.329E+03, 0.000E+00,  1.698E+03, 0.000E+00
1.400E+03, 0.000E+00,  2.041E+03, 0.000E+00
1.594E+03, 0.000E+00,  1.140E+03, 0.000E+00
1.468E+03, 0.000E+00,  1.791E+03, 0.000E+00
1.448E+03, 0.000E+00,  1.712E+03, 0.000E+00
0.000E+00, 0.000E+00,  1.760E+03, 0.000E+00


hscin_neg_phc_coeff  = 
1.749E+03, 1.413E+03,  1.257E+03, 2.300E+03
1.512E+03, 1.302E+03,  1.558E+03, 0.000E+00
1.341E+03, 1.571E+03,  5.569E+02, 0.000E+00
1.454E+03, 1.574E+03,  1.991E+03, 0.000E+00
1.598E+03, 2.007E+03,  1.169E+03, 0.000E+00
1.562E+03, 1.991E+03,  1.046E+03, 0.000E+00
1.664E+03, 2.019E+03,  1.483E+03, 0.000E+00
1.537E+03, 2.039E+03,  1.542E+03, 0.000E+00
1.599E+03, 2.070E+03,  1.340E+03, 0.000E+00
1.229E+03, 0.000E+00,  1.869E+03, 0.000E+00
1.357E+03, 0.000E+00,  1.398E+03, 0.000E+00
1.958E+03, 0.000E+00,  1.985E+03, 0.000E+00
1.427E+03, 0.000E+00,  1.822E+03, 0.000E+00
1.627E+03, 0.000E+00,  1.685E+03, 0.000E+00
1.579E+03, 0.000E+00,  1.672E+03, 0.000E+00
1.624E+03, 0.000E+00,  1.771E+03, 0.000E+00
1.656E+03, 0.000E+00,  1.443E+03, 0.000E+00
0.000E+00, 0.000E+00,  1.752E+03, 0.000E+00

hscin_pos_time_offset = 
  20138.254 ,  20185.9631,  20380.999 ,  20478.376
  20130.432 ,  20252.1402,  20359.834 ,  0
  20138.514 ,  20235.0108,  20478.829 ,  0
  20146.96  ,  20239.793 ,  20404.465 ,  0
  20104.69  ,  20239.1539,  20471.897 ,  0
  20154.301 ,  20247.7257,  20344.087 ,  0
  20178.656 ,  20281.317 ,  20340.196 ,  0
  20144.3   ,  20237.3374,  20330.552 ,  0
  20140.422 ,  20238.5407,  20398.088 ,  0
  20157.016 ,  0         ,  20379.034 ,  0
  20187.636 ,  0         ,  20375.517 ,  0
  20109.84  ,  0         ,  20357.484 ,  0
  20309.0019,  0         ,  20374.486 ,  0
  20172.9789,  0         ,  20386.1879,  0
  20146.0419,  0         ,  20403.0109,  0
  20228.0389,  0         ,  20413.4849,  0 
  20237.5389,  0         ,  20419.2249,  0
  0         ,  0         ,  20399.2229,  0

hscin_neg_time_offset =  
  20138.254 ,  20185.9631,  20380.999 ,  20478.376
  20130.432 ,  20252.1402,  20359.834 ,  0
  20138.514 ,  20235.0108,  20478.829 ,  0
  20146.96  ,  20239.793 ,  20404.465 ,  0
  20104.69  ,  20239.1539,  20471.897 ,  0
  20154.301 ,  20247.7257,  20344.087 ,  0
  20178.656 ,  20281.317 ,  20340.196 ,  0
  20144.3   ,  20237.3374,  20330.552 ,  0
  20140.422 ,  20238.5407,  20398.088 ,  0
  20157.016 ,  0         ,  20379.034 ,  0
  20187.636 ,  0         ,  20375.517 ,  0
  20109.84  ,  0         ,  20357.484 ,  0
  20309.0019,  0         ,  20374.486 ,  0
  20172.9789,  0         ,  20386.1879,  0
  20146.0419,  0         ,  20403.0109,  0
  20228.0389,  0         ,  20413.4849,  0 
  20237.5389,  0         ,  20419.2249,  0
  0         ,  0         ,  20399.2229,  0
;;                                                                   
  hscin_pos_ped_limit = 0,0,0,0
                        0,0,0,0
                        0,0,0,0
                        0,0,0,0
                        0,0,0,0
                        0,0,0,0
                        0,0,0,0
                        0,0,0,0
                        0,0,0,0
                        0,0,0,0
                        0,0,0,0
                        0,0,0,0
                        0,0,0,0
                        0,0,0,0
                        0,0,0,0
                        0,0,0,0
                        0,0,0,0
                        0,0,0,0

;                                                                             
  hscin_neg_ped_limit = 0,0,0,0               
                        0,0,0,0               
                        0,0,0,0
                        0,0,0,0
                        0,0,0,0
                        0,0,0,0
                        0,0,0,0
                        0,0,0,0
                        0,0,0,0
                        0,0,0,0
                        0,0,0,0
                        0,0,0,0
                        0,0,0,0
                        0,0,0,0
                        0,0,0,0
                        0,0,0,0
                        0,0,0,0
                        0,0,0,0

hscin_f1tdc_gate_width = 64937                                      
                                    
