
      hwat_tdc_pos_min = 9000

      hwat_tdc_pos_max = 12000

; Water Cherenkov detecots has two layers and 12 counters per


    hwat_pos_gain = 131.8, 140.0, 
                    109.7, 113.7,
                    99.8, 119.0,
                    99.0, 108.0,
                    108.9, 126.8,
                    59.2, 110.0,
                    40.7, 27.0,
                    23.8, 39.6,
                    30.4, 26.5, 
                    27.8, 23.0,
                    36.7, 25.3,
                    22.9, 22.1

    hwat_neg_gain = 249.6, 116.9,
                    102.6, 107.5,
                    108.3, 136.0, 
                    107.2, 131.5,
                    125.7, 129.8,
                    88.5, 133.8,
                    46.5, 43.1,
		    35.4, 32.6,
                    57.8, 25.4,
                    37.2, 36.3, 
                    30.6, 49.2,
                    23.9, 40.7
;  add to calcurate kaon NPE mean  
     hwat_k_gain_par1 = 20.7242,	22.4587,
     			25.8285,	19.4843,
			19.6772,	20.0747,
			22.5485,	27.2454,
			20.9486,	22.5672,
			36.0511,	24.9386,
			65.4001,	82.5109,
			87.8835,	79.7184,
			62.6663,	78.58,
			71.6001,	88.6902,
			77.0778,	69.9272,
			110.672,	63.8586
     hwat_k_gain_par2 = -4.72E-07,	-8.07E-07,
     		        -6.18E-07,	1.34E-07,
		      	-2.47E-07,	-5.08E-07,
			-7.24E-07,	-1.09E-06,
			-3.46E-07,	-2.65E-08,
			-8.16E-07,	-6.14E-07,
			-1.57E-06,	-2.51E-06,
			-4.30E-06,	-2.30E-06,
			-2.09E-06,	-1.46E-06,
			-1.48E-06,	-2.30E-06,
			-2.27E-06,	-1.33E-06,
			-3.98E-06,	-1.40E-06
     hwat_k_sigma_par1 = 0.373358,	0.46266,
			 0.253462,	0.30604,
			 0.299739,	0.299629,
			0.287996,	0.263875,
			0.302127,	0.275246,
			0.248738,	0.245263,
			0.162804,	0.153798,
			0.170361,	0.173252,
			0.188795,	0.168087,
			0.163391,	0.159612,
			0.166828,	0.151258,
			0.172373,	0.160703
    hwat_k_sigma_par2 = -1.19E-08,	-3.18E-08,
			-2.01E-09,	-5.98E-09,
			-8.62E-10,	-9.18E-10,
			-1.03E-10,	-4.00E-10,
			-8.95E-10,	-6.28E-10,
			-2.61E-09,	-4.30E-10,
			-8.97E-11,	1.81E-09,
			-8.45E-10,	-1.08E-09,
			-4.49E-09,	4.19E-10,
			-2.51E-10,	1.50E-10,
			1.59E-09,	1.35E-09,
			-3.41E-09,	1.85E-09
; end 

    hwat_pos_offset = -850., -850., 
                      -850., -850.,
                      -850., -850., 
                      -850., -850.,
                      -850., -850.,
                      -850., -850.,
                      -850., -850.,
                      -850., -850.,
                      -850., -850., 
                      -850., -850.,
                      -850., -850.,
                      -850., -850.

    hwat_neg_offset = -850., -850.,
                      -850., -850.,
                      -850., -850., 
                      -850., -850.,
                      -850., -850.,
                      -850., -850.,
                      -850., -850.,
                      -850., -850.,
                      -850., -850., 
                      -850., -850.,
                      -850., -850.,
                      -850., -850.

; the following are upper limits for acceptable pedestal data
; if zero then the pedestal will not be determined and not subtracted

    hwat_pos_ped_limit = 1500.,1500.,
                         1500.,1500.,
                         1500.,1500.,
                         1500.,1500.,
                         1500.,1500.,
                         1500.,1500.,
                         1500.,1500.,
                         1500.,1500.,
                         1500.,1500.,
                         1500.,1500.,
                         1500.,1500.,
                         1500.,1500.

    hwat_neg_ped_limit = 1500.,1500.,
                         1500.,1500.,
                         1500.,1500.,
                         1500.,1500.,
                         1500.,1500.,
                         1500.,1500.,
                         1500.,1500.,
                         1500.,1500.,
                         1500.,1500.,
                         1500.,1500.,
                         1500.,1500.,
                         1500.,1500.

    hwat_tdc_to_time = 0.1132

; Geometrical parameters input by V.M. Rodriguez 05/27/05
;   hwat_box_zpos = 230.0, 241.0

; On 2005/May/27, one module of water cherenkov detector in layer 1 is repaired.
; At that time, we moved surport platform of WC to be +0.7cm in z direction
; to have a space to take out a screw.

    hwat_box_zpos = 230.0 +0.7, 241.0 +0.7

; The following geometry is for water volume, Not detector box size. MK

    hwat_width     = 15.9
    hwat_height    = 35.6
    hwat_thickness =  7.5

    hwat_slope = 2.0

    hwat_npe_min = 0.5

; The center of HKS detector package stays x=-7.5
; The values before subtracting "-7.5" is a relative position in detector package.

;    hwat_box_xcenter = -85.4 -7.5, -92.9 -7.5,
;                       -69.5 -7.5, -77.0 -7.5,
;                       -53.6 -7.5, -61.1 -7.5,
;                       -37.7 -7.5, -45.2 -7.5,
;                       -21.8 -7.5, -29.3 -7.5,
;                        -5.8 -7.5, -13.4 -7.5,
;                        10.1 -7.5,   2.6 -7.5,
;                        26.0 -7.5,  18.5 -7.5,
;                        41.9 -7.5,  34.4 -7.5,
;                        57.8 -7.5,  50.3 -7.5,
;                        73.7 -7.5,  66.2 -7.5,
;                        89.6 -7.5,  82.1 -7.5 
    hwat_box_xcenter = -87.45 -4.725, -87.45 -12.675,
                       -71.55 -4.725, -71.55 -12.675,
                       -55.65 -4.725, -55.65 -12.675,
                       -39.75 -4.725, -39.75 -12.675,
                       -23.85 -4.725, -23.85 -12.675,
                        -7.95 -4.725,  -7.95 -12.675,
                         7.95 -4.725,   7.95 -12.675,
                        23.85 -4.725,  23.85 -12.675,
                        39.75 -4.725,  39.75 -12.675,
                        55.65 -4.725,  55.65 -12.675,
                        71.55 -4.725,  71.55 -12.675,
                        87.45 -4.725,  87.45 -12.675 

    hwat_box_ycenter =  0.,  0.,
                        0.,  0.,
                        0.,  0.,
                        0.,  0.,
                        0.,  0.,
                        0.,  0.,
                        0.,  0.,
                        0.,  0.,
                        0.,  0.,
                        0.,  0.,
                        0.,  0.,
                        0.,  0.

	hwat_f1tdc_gate_width = 65158                                      
