942.129 0 0 0 0
68.4722 1 0 0 0
-61.1544 0 1 0 0
-0.0874107 0 0 1 0
-0.0666295 0 0 0 1
1.6401 2 0 0 0
-7.90179 1 1 0 0
9.34553 0 2 0 0
0.176238 1 0 1 0
0.00832427 0 1 1 0
-0.917218 0 0 2 0
0.164509 1 0 0 1
-0.310761 0 1 0 1
0.776942 0 0 1 1
0.0555225 0 0 0 2
-1.9743 3 0 0 0
6.17845 2 1 0 0
-6.80356 1 2 0 0
2.06261 0 3 0 0
1.33503 2 0 1 0
-2.04408 1 1 1 0
0.829101 0 2 1 0
0.629532 1 0 2 0
4.37131 0 1 2 0
1.37427 0 0 3 0
-0.467425 2 0 0 1
0.851187 1 1 0 1
-0.183262 0 2 0 1
0.580782 1 0 1 1
-7.59774 0 1 1 1
-2.02507 0 0 2 1
-0.48219 1 0 0 2
2.78248 0 1 0 2
0.965053 0 0 1 2
-0.111225 0 0 0 3
-0.0546163 4 0 0 0
4.88965 3 1 0 0
-14.475 2 2 0 0
14.0875 1 3 0 0
-4.57681 0 4 0 0
1.40653 3 0 1 0
-0.351019 2 1 1 0
-0.957357 1 2 1 0
-0.192004 0 3 1 0
3.30224 2 0 2 0
-2.49195 1 1 2 0
-3.00308 0 2 2 0
-0.507176 1 0 3 0
-2.27633 0 1 3 0
-2.18078 0 0 4 0
-2.29211 3 0 0 1
4.90405 2 1 0 1
-4.42185 1 2 0 1
2.23136 0 3 0 1
-3.47996 2 0 1 1
2.49456 1 1 1 1
8.48677 0 2 1 1
-0.181897 1 0 2 1
6.44475 0 1 2 1
2.70802 0 0 3 1
0.0626947 2 0 0 2
2.23871 1 1 0 2
-6.35082 0 2 0 2
0.732887 1 0 1 2
-5.37671 0 1 1 2
-0.490382 0 0 2 2
-0.391035 1 0 0 3
1.5543 0 1 0 3
-0.406227 0 0 1 3
0.0949793 0 0 0 4
0.755726 5 0 0 0
-1.89549 4 1 0 0
8.16168 3 2 0 0
-11.3289 2 3 0 0
6.65419 1 4 0 0
-1.4711 0 5 0 0
-3.53016 4 0 1 0
7.08203 3 1 1 0
-5.34025 2 2 1 0
3.09646 1 3 1 0
-0.795155 0 4 1 0
-4.55512 3 0 2 0
-12.116 2 1 2 0
19.4115 1 2 2 0
-8.8223 0 3 2 0
-1.9801 2 0 3 0
2.26156 1 1 3 0
-1.34787 0 2 3 0
-6.15285 1 0 4 0
7.17074 0 1 4 0
0.579294 0 0 5 0
2.10944 4 0 0 1
-4.85279 3 1 0 1
6.03612 2 2 0 1
-4.4909 1 3 0 1
1.19615 0 4 0 1
2.31575 3 0 1 1
20.3036 2 1 1 1
-29.4756 1 2 1 1
13.784 0 3 1 1
5.08555 2 0 2 1
-7.47716 1 1 2 1
1.10155 0 2 2 1
12.6344 1 0 3 1
-14.5018 0 1 3 1
-0.841086 0 0 4 1
0.432623 3 0 0 2
-8.49154 2 1 0 2
12.9144 1 2 0 2
-6.17036 0 3 0 2
-3.125 2 0 1 2
4.29512 1 1 1 2
1.60761 0 2 1 2
-7.15424 1 0 2 2
6.24446 0 1 2 2
0.419375 0 0 3 2
0.437352 2 0 0 3
-0.501428 1 1 0 3
-1.07477 0 2 0 3
0.473672 1 0 1 3
2.26859 0 1 1 3
-0.0873138 0 0 2 3
0.387654 1 0 0 4
-1.39418 0 1 0 4
0.00772795 0 0 1 4
0 0 0 0 5
-0.28307 6 0 0 0
-0.0202762 5 1 0 0
15.9066 4 2 0 0
-39.397 3 3 0 0
41.7054 2 4 0 0
-21.2962 1 5 0 0
4.37979 0 6 0 0
-4.13893 5 0 1 0
15.7976 4 1 1 0
-27.544 3 2 1 0
18.5358 2 3 1 0
-6.29678 1 4 1 0
1.16581 0 5 1 0
-3.0278 4 0 2 0
10.2484 3 1 2 0
5.91961 2 2 2 0
-23.0849 1 3 2 0
10.84 0 4 2 0
6.95724 3 0 3 0
-11.3922 2 1 3 0
8.96134 1 2 3 0
-0.161394 0 3 3 0
1.14941 2 0 4 0
8.79054 1 1 4 0
-5.41521 0 2 4 0
0.289623 1 0 5 0
-1.05345 0 1 5 0
0 0 0 6 0
4.4413 5 0 0 1
-17.1195 4 1 0 1
29.4548 3 2 0 1
-22.2031 2 3 0 1
9.89242 1 4 0 1
-2.21335 0 5 0 1
3.14151 4 0 1 1
-5.33451 3 1 1 1
-40.4069 2 2 1 1
65.7734 1 3 1 1
-27.1433 0 4 1 1
-9.60873 3 0 2 1
19.4873 2 1 2 1
-17.7308 1 2 2 1
-0.738806 0 3 2 1
0.375674 2 0 3 1
-26.5841 1 1 3 1
15.9347 0 2 3 1
-1.22473 1 0 4 1
3.27078 0 1 4 1
-0.224954 0 0 5 1
0.415338 4 0 0 2
-6.19871 3 1 0 2
33.6867 2 2 0 2
-41.5149 1 3 0 2
15.8755 0 4 0 2
3.12155 3 0 1 2
-6.7999 2 1 1 2
6.37005 1 2 1 2
2.92443 0 3 1 2
-1.97714 2 0 2 2
22.7538 1 1 2 2
-11.3156 0 2 2 2
1.31335 1 0 3 2
-3.29121 0 1 3 2
0.450503 0 0 4 2
0.221844 3 0 0 3
-1.01232 2 1 0 3
1.07672 1 2 0 3
-1.78889 0 3 0 3
-0.0511161 2 0 1 3
-2.77737 1 1 1 3
-2.01739 0 2 1 3
-0.617985 1 0 2 3
1.49898 0 1 2 3
-0.261684 0 0 3 3
0.609923 2 0 0 4
-2.16904 1 1 0 4
2.86671 0 2 0 4
0.139104 1 0 1 4
-0.292472 0 1 1 4
0.046878 0 0 2 4
0 1 0 0 5
0 0 1 0 5
0 0 0 1 5
0 0 0 0 6
