  0.212898254       3.50882435       3.04819271E-03   6.73159510E-02
   4.84370995      0.388758659       9.29721966E-02   6.04365207E-03
   5.17241287      0.220083714       9.94709730E-02   5.85804321E-03
  0.328702927      0.608842373       6.49877638E-03   1.19016953E-02
  0.474109173       6.02179337       1.09738894E-02  0.115793847    
   1.83510065       6.51450491       4.04911265E-02  0.136022225    
  0.645694733      0.133378029       1.23726819E-02   2.42175069E-03
   5.14723969      0.141805649       9.88795906E-02   1.14347879E-03
   1.22134018      0.741464853       2.56465822E-02   1.58655867E-02
   2.26131058      0.868169606       4.32004705E-02   1.60011500E-02
  0.169338226       8.53906727       6.46859407E-04  0.163939446    
   3.88293839       4.86936808       7.31475279E-02   9.22385305E-02
  0.198860168      0.869114220       3.83573025E-03   1.79278851E-02
  0.108962059      0.520097494       2.25872919E-03   1.00479200E-02
  0.162677765       2.49477863       3.88096273E-03   4.80473153E-02
   2.70005035       1.80146277       5.24439737E-02   3.54638621E-02
   2.53737259      0.693315744       4.85630110E-02   1.25834532E-02
   4.04669571       1.28878713       7.73863420E-02   2.35239454E-02
   8.46862793E-03   5.99844074       1.65069103E-03  0.115219325    
   9.58366394E-02   5.96268845       3.02791595E-05  0.114489414    
   3.22939682       4.27439451       6.33050501E-02   8.30166340E-02
   3.32523346       1.68829393       6.33353293E-02   3.14727873E-02
   6.46923351       3.69736242      0.125419438       7.29940310E-02
   3.61707973      0.378187180       6.93740547E-02   6.18640101E-03
   2.09641457       1.21024179       4.06736135E-02   2.39004008E-02
   4.90684509E-02  0.579379022       8.29685479E-04   1.20000280E-02
  0.524713516      0.368583202       1.07638892E-02   7.43090827E-03
  0.729141235      0.679561138       1.42230541E-02   1.34168975E-02
   9.85565186E-02   7.31125355       3.31349671E-04  0.140394360    
   1.14018631       6.60637951       2.39129514E-02  0.127222404    
   1.23874283      0.704874277       2.35816017E-02   1.31719559E-02
   2.15699482       2.77416945       4.22654748E-02   5.39068654E-02
   3.17266655       1.49721003       6.14189506E-02   2.95782387E-02
   1.93389130       12.5948009       3.33486050E-02  0.241124511    
   5.10655785       11.0975904       9.47675556E-02  0.211546272    
  0.144630432       5.28972912       1.16045401E-03  0.101509094    
   2.06895065       1.24485850       4.01496366E-02   2.45818943E-02
  0.319683075      0.348746091       1.55387446E-02   1.30170584E-02
   5.46150208E-02   5.39060593       5.94556332E-04  0.103535905    
   9.97467041E-02   1.85743666       2.47698277E-03   3.57519835E-02
   4.23938370       4.18759918       8.27100426E-02   8.17511380E-02
   4.13963699       2.33016229       8.02330598E-02   4.59991544E-02
   1.83795929       1.17423332       3.49757820E-02   2.19501629E-02
  0.218799591      0.587033749       4.73085046E-03   1.22671295E-02
   1.48516083       5.61113119       2.68026795E-02  0.107304208    
   2.75647593       4.31558132       5.16370125E-02   8.20396394E-02
   8.47520828E-02   6.40717697       4.02805209E-03  0.133183643    
   2.54405355      0.261680901       4.88200560E-02   4.22161538E-03
  0.274456024       3.14598942       6.20378554E-03   6.05211221E-02
   1.19229698       3.02173901       2.38618776E-02   5.83726130E-02
  0.917840958      0.124250412       1.76580921E-02   2.14850903E-03
   1.80374908       1.82928216       3.40992548E-02   3.46083343E-02
  0.428234100       4.71477127       6.82099909E-03   9.03305709E-02
   2.60361099       1.35543346E-02   5.00328355E-02   1.04527548E-03
  0.391155243      0.692519188       8.39172304E-03   1.48071041E-02
  0.284225464      0.524041653       5.72770834E-03   1.06008165E-02
   4.45866013       1.31071377       8.95408094E-02   4.28753495E-02
  0.106929779       1.21656084       2.66401470E-03   2.54079215E-02
   4.84981537      0.618194580       8.11490864E-02   5.76824546E-02
   4.74288559       1.83475542       8.38131011E-02   3.22745368E-02
  0.139522552      0.774337292       2.62505002E-03   1.59732178E-02
  0.373592377       7.39812279       5.15254214E-03  0.153541356    
   3.83224487E-02   5.19051600       3.94450873E-03  0.101122297    
   2.20069885E-02   6.00170517       3.30491550E-03   8.43645632E-02
  0.268699646       12.6031818       6.10473752E-03   5.27232140E-02
  0.234069824       6.62378550       2.52749212E-03  0.137568146    
  0.101200104       4.41617870       1.31945871E-03  0.117095515    
  0.117515564       5.22736740       6.79865479E-04  0.100337781    
  0.129177094       11.8288441       3.47968750E-03   3.67499962E-02
  0.335269928       2.20760679       1.20803341E-03  0.254663646    
  0.351585388       1.39641786       1.84762664E-03  0.237905920    
  0.104892731       5.20505905       9.52195376E-04  0.100818142    
   1.63154602E-02  0.811188936       6.39593229E-04   1.67577304E-02
  0.230377197       7.41266584       2.16022879E-03  0.153845504    
  0.246692657       6.60147667       2.79982202E-03  0.137087777    
   1.41320264       1.28909111       2.98603866E-02   2.73380801E-02
   1.38836849       5.28264189       2.69961338E-02  0.109269097    
   2.48341560E-02   6.57173300       2.86425278E-03  0.136607185    
   1.31628799      0.342060804       2.72115953E-02   6.67771371E-03
   1.84824371       1.14582038       3.79975177E-02   2.31171604E-02
  0.531955719      0.803759575       1.07859224E-02   1.64394472E-02
   4.92332077      0.993896484       9.49199125E-02   2.05757171E-02
   1.05209351E-02   2.27998137       1.03551149E-03   4.74223420E-02
   3.96274567      0.393915653       7.66814500E-02   8.77101719E-03
   6.11168671       7.69937086      0.115109332      0.145993263    
  0.344684601       6.10448933       4.79187816E-03  0.117113933    
   2.69930458       4.25193119       5.31830303E-02   8.24567080E-02
  0.319355011       6.69315195       4.10959125E-03  0.128398359    
   3.70909500       2.11126781       7.19306171E-02   4.16654050E-02
  0.907630920       5.11376429       2.04109177E-02  0.106096305    
  0.235889435      0.937564850       4.83324379E-03   1.81862246E-02
  0.664302826       6.03868198       2.53840983E-02   8.81477594E-02
   1.14352036       4.17619944       1.55776739E-02  0.124282531    
  0.243328094      0.924917698       4.97318059E-03   1.79485455E-02
  0.900192261       5.10111713       2.05508545E-02  0.106333986    
  0.174320221       5.56927204       1.64275430E-03  0.106910840    
  0.581630707       6.93086338       1.32931918E-02  0.133328781    
   1.60848808      0.583885074       3.07228900E-02   1.08355992E-02
  0.402939796       4.05973244       6.49666786E-03   7.77220279E-02
   2.01142788       4.64361763       3.72195579E-02   8.85576233E-02
   3.98502731       1.90151596       7.59887397E-02   3.52838933E-02
   9.84191895E-04  0.554806709       1.56372786E-04   1.06590129E-02
   3.98601151       2.45632267       7.58323669E-02   4.59429063E-02
   8.44459534E-02  0.801697314       1.88394263E-03   1.54976435E-02
   2.54390717      0.608359039       4.86869216E-02   1.08410474E-02
   2.45946121       1.41005635       4.68029790E-02   2.63386909E-02
   1.36360741       2.53542042       2.49109417E-02   4.82775643E-02
   1.85298538       2.18990612       3.49773057E-02   4.14748713E-02
   2.00885773       8.67407036       3.59959267E-02  0.166062802    
   1.48257446       8.58574772       2.59079821E-02  0.164646417    
   3.00216675E-03   7.45034981       2.29558721E-03  0.143234402    
  0.155872345       6.48416424       1.01862103E-03  0.124587923    
  0.370410919       6.39584112       9.06932354E-03  0.123171538    
   1.85598755       5.26044369       3.72728929E-02  0.101759523    
  0.526283264       8.83229971E-02   1.00879446E-02   1.41638517E-03
   2.01185989       1.22372067       3.82915139E-02   2.28284001E-02
   1.48557663       1.13539767       2.82035694E-02   2.14120150E-02
  0.507514954       2.27580237       9.06507671E-03   4.35327515E-02
  0.653465271       9.43293571E-02   1.35281011E-02   1.81751326E-03
   3.85017395E-02   2.93964291       1.84466690E-03   6.11669123E-02
  0.649547577       2.94448566       1.24295503E-02   6.10485971E-02
  0.691967010       2.84531355       1.53727680E-02   5.93493991E-02
   3.91769409E-03   2.85015631       1.09855086E-03   5.92310838E-02
  0.688049316       4.84275818E-03   1.42742172E-02   1.18315453E-04
  0.890331268       2.07940865       1.92407593E-02   4.35296968E-02
   1.88614428       6.71956015       3.42188179E-02  0.128492579    
  0.224575043       4.83063650       2.86652893E-03   9.27233174E-02
   2.34162951       2.66127777       4.36215065E-02   5.04205003E-02
   3.00493240E-02   2.78900671       4.25651670E-05   5.73980771E-02
  0.241792679       5.79147577       2.89978087E-03  0.111066669    
  0.256224632       3.02953720       3.26134078E-03  0.167932332    
  0.211743355       8.58048248       2.85721570E-03   5.36685884E-02
  0.226175308       5.81854391       3.21877562E-03  0.110534251    
   1.44319534E-02   2.76193857       3.61559913E-04   5.68656623E-02
   2.15802002       1.43060303       4.53911573E-02   3.05941366E-02
  0.247379303       6.81700897       2.70381570E-03  0.130852699    
   5.23409653       3.57859945      0.101658151       7.03223571E-02
   5.48147583       3.23840904      0.104361966       6.05303459E-02
   2.16720200       2.75105953       4.07787859E-02   5.21898195E-02
   3.77418518       1.77157629       7.20169619E-02   3.29577327E-02
   5.05463791      0.869673193       9.68808606E-02   1.51697462E-02
   4.29115295E-02   1.63530791       1.34186819E-03   3.14592086E-02
   1.28045273      0.901903152       2.48638988E-02   1.77879892E-02
   3.73127365       3.40688419       7.06750900E-02   6.44169450E-02
   5.01172638       2.50498104       9.55389887E-02   4.66289558E-02
   1.78904533       1.00683284       3.40898782E-02   1.88177042E-02
   1.75091934      0.945276737       3.39443311E-02   1.86543427E-02
   3.81259918E-02   1.95210958       1.45547092E-04   3.74720469E-02
   1.33932877       1.61783099       2.62151957E-02   3.14482339E-02
  0.209311008       4.30267572       5.32482564E-03   8.27560127E-02
   2.28381157E-02   6.95594406       2.68976390E-03  0.133618012    
  0.134953022      0.788494587       2.52360106E-03   1.62848160E-02
   1.00035381      0.563888311       2.05993652E-02   1.13747083E-02
  0.865400791      0.224606276       1.80757642E-02   4.91010770E-03
  0.199890137       4.57557297       5.22495806E-03   8.80083740E-02
  0.651973724       6.28597975       1.57794878E-02  0.130825266    
   4.61071777       2.97758770       8.76799524E-02   5.56491539E-02
   3.95874405       3.30839157      0.103459448      0.186474413    
  0.776966095       12.5588245       1.52833164E-02   1.03990063E-02
   4.26109695       3.67730355       8.29776376E-02   7.19203353E-02
   3.60912323       9.96328354       9.87571180E-02   5.89049309E-02
   5.26269150       9.26356697       7.19004720E-02   7.51761049E-02
   4.61071777       2.97758818       8.76799524E-02   5.56491539E-02
  0.124992371       6.27284527       4.96171415E-04  0.120426252    
   4.91307068       2.60867620       6.71981424E-02  0.202745602    
   4.26109695       3.67730331       8.29776376E-02   7.19203278E-02
  0.651973724       6.28597927       1.57794878E-02  0.130825251    
   5.38768387       15.5364132       7.23966360E-02   4.52501476E-02
  0.349620819       6.65489101       4.70232219E-03  0.127569497    
   1.00159454       12.9408703       1.10771656E-02   3.25577706E-03
   4.73571014       9.25043297       8.81761312E-02  0.176075399    
  0.302352905      0.368911982       2.04818100E-02  0.258394748    
  0.349620819       6.65489149       4.70232219E-03  0.127569482    
   5.03806305       8.88152122       6.76943213E-02   8.23193416E-02
   4.38608932       2.59554195       8.34738016E-02   4.85059246E-02
  0.651973724       6.28597927       1.57794878E-02  0.130825266    
   17.8887863       1.45378351      0.183963045       7.36984685E-02
  0.144977570       4.14326811       1.52911991E-03   8.60157162E-02
   5.69827557       3.26297951      0.108501911       6.09542243E-02
   4.78961945       1.99911559       9.26293582E-02   3.98584194E-02
   5.08804321E-02   5.26440811       6.29402697E-04  0.101119347    
   1.16655350      0.321424723       2.41388828E-02   6.26733620E-03
  0.514114380       5.54199171       8.21286067E-03  0.106252015    
