 slot=           1
   581
   522
   517
   487
   335
     0
   458
   477
   436
   456
   468
   328
     0
   488
  4000
  4000
  4000
  4000
  4000
  4000
  4000
  4000
  4000
  4000
  4000
  4000
  4000
  4000
  4000
  4000
  4000
  4000
   487
   335
     0
   458
   371
     0
   465
   468
   328
     0
   488
   473
     0
   454
  4000
  4000
   458
   371
     0
   465
   514
     0
   577
   488
   473
     0
   454
   491
     0
   586
  4000
  4000
 slot=           3
   581
   487
   458
   465
   577
   532
   617
  4000
  4000
   521
   547
   462
   603
   616
   562
   599
   530
   477
   468
   488
   454
   586
   568
   624
   593
   537
   524
   515
   502
   579
   634
   523
   559
   677
   522
   335
   371
   514
   470
   532
   430
   521
   381
   436
   328
   473
   491
   423
  4000
  4000
  4000
  4000
  4000
  4000
  4000
  4000
  4000
  4000
  4000
  4000
  4000
  4000
  4000
  4000
 slot=           5
   396
   460
   554
     0
   417
   371
   365
   467
   638
     0
   395
   406
  4000
     0
   479
  4000
   569
     0
   504
   612
   541
     0
   471
   565
   358
   395
     0
  4000
   600
  4000
   498
   337
   467
   638
     0
   395
   337
   483
   637
     0
   358
   455
   659
     0
   398
   390
   626
     0
  4000
  4000
  4000
  4000
  4000
  4000
  4000
  4000
  4000
  4000
  4000
  4000
  4000
  4000
  4000
  4000
 slot=           7
  4000
  4000
  4000
  4000
  4000
  4000
  4000
  4000
  4000
  4000
  4000
  4000
  4000
  4000
  4000
  4000
   339
   272
   365
   395
   479
   504
   471
   295
   324
   262
   295
   473
   394
   473
   465
   387
   385
   341
   337
   358
   398
   396
   417
   461
   587
   334
   329
   258
   385
   498
   436
   422
   385
   341
   337
   358
   398
   396
   417
   461
   587
   334
   329
   258
   385
   498
   436
   422
 slot=          10
 roc#           1 , slot#          10  is not in the map
 slot=           9
   658
   252
   562
   376
   332
   581
   537
   542
   416
   523
   463
   323
   698
   468
   713
   530
   452
   511
   447
   503
   462
   533
   655
   359
   543
   501
   387
   456
   508
   446
   589
   437
   350
   373
   518
   379
   217
   475
   614
   359
   583
   446
   382
   489
   584
   389
   443
   579
  4000
  4000
  4000
  4000
  4000
  4000
  4000
  4000
  4000
  4000
  4000
  4000
  4000
  4000
  4000
  4000
 slot=          11
  4000
   344
   132
   103
   448
   471
   427
   321
   385
   302
   197
   133
   352
   382
   423
   292
   312
   261
   256
   301
   380
   446
   208
   275
   377
   306
   429
   387
   479
   351
  4000
  4000
   312
   261
   256
   301
   380
   446
   208
   275
   377
   306
   429
   387
   479
   420
   511
   312
   433
   202
   332
   334
   424
   532
   437
   474
   303
   235
   339
   196
   339
  4000
  4000
  4000
